0 73733.9

0.021014 147533

0.042028 221429

0.063042 295453

0.084056 369636

0.10507 444010

0.126084 518605

0.147098 593455

0.168112 668589

0.189126 744041

0.21014 819842

0.231154 896025

0.252168 972621

0.273182 1.04966e+06

0.294196 1.12718e+06

0.31521 1.20521e+06

0.336224 1.28379e+06

0.357238 1.36294e+06

0.378252 1.44271e+06

0.399266 1.52311e+06

0.42028 1.6042e+06

0.441294 1.686e+06

0.462308 1.76854e+06

0.483322 1.85186e+06

0.504336 1.936e+06

0.52535 2.02099e+06

0.546364 2.10686e+06

0.567378 2.19365e+06

0.588392 2.28139e+06

0.609406 2.37013e+06

0.63042 2.45988e+06

0.651434 2.5507e+06

0.672448 2.64262e+06

0.693462 2.73567e+06

0.714476 2.82988e+06

0.73549 2.9253e+06

0.756504 3.02197e+06

0.777518 3.1199e+06

0.798532 3.21915e+06

0.819546 3.31974e+06

0.84056 3.42172e+06

0.861574 3.52512e+06

0.882588 3.62997e+06

0.903602 3.7363e+06

0.924616 3.84416e+06

0.94563 3.95358e+06

0.966644 4.06459e+06

0.987658 4.17721e+06

1.00867 4.29149e+06

1.02969 4.40746e+06

1.0507 4.52514e+06

1.07171 4.64457e+06

1.09273 4.76577e+06

1.11374 4.88877e+06

1.13476 5.01359e+06

1.15577 5.14025e+06

1.17678 5.26879e+06

1.1978 5.39921e+06

1.21881 5.53154e+06

1.23983 5.66579e+06

1.26084 5.80197e+06

1.28185 5.9401e+06

1.30287 6.08017e+06

1.32388 6.22219e+06

1.3449 6.36616e+06

1.36591 6.51207e+06

1.38692 6.65991e+06

1.40794 6.80968e+06

1.42895 6.96135e+06

1.44997 7.11489e+06

1.47098 7.27028e+06

1.49199 7.42748e+06

1.51301 7.58644e+06

1.53402 7.74711e+06

1.55504 7.90944e+06

1.57605 8.07336e+06

1.59706 8.23879e+06

1.61808 8.40566e+06

1.63909 8.57385e+06

1.66011 8.74328e+06

1.68112 8.91381e+06

1.70213 9.08534e+06

1.72315 9.25771e+06

1.74416 9.43077e+06

1.76518 9.60437e+06

1.78619 9.77831e+06

1.8072 9.95241e+06

1.82822 1.01265e+07

1.84923 1.03002e+07

1.87025 1.04734e+07

1.89126 1.06459e+07

1.91227 1.08173e+07

1.93329 1.09873e+07

1.9543 1.11557e+07

1.97532 1.13221e+07

1.99633 1.14861e+07

2.01734 1.16474e+07

2.03836 1.18055e+07

2.05937 1.19602e+07

2.08039 1.21109e+07

2.1014 1.22572e+07

2.12241 1.23986e+07

2.14343 1.25346e+07

2.16444 1.26648e+07

2.18546 1.27886e+07

2.20647 1.29054e+07

2.22748 1.30148e+07

2.2485 1.31161e+07

2.26951 1.32088e+07

2.29053 1.32924e+07

2.31154 1.33661e+07

2.33255 1.34294e+07

2.35357 1.34817e+07

2.37458 1.35224e+07

2.3956 1.3551e+07

2.41661 1.35668e+07

2.43762 1.35693e+07

2.45864 1.35579e+07

2.47965 1.35322e+07

2.50067 1.34916e+07

2.52168 1.34356e+07

2.54269 1.33638e+07

2.56371 1.32759e+07

2.58472 1.31716e+07

2.60574 1.30504e+07

2.62675 1.29123e+07

2.64776 1.27571e+07

2.66878 1.25846e+07

2.68979 1.2395e+07

2.71081 1.21882e+07

2.73182 1.19644e+07

2.75283 1.17239e+07

2.77385 1.1467e+07

2.79486 1.11942e+07

2.81588 1.09059e+07

2.83689 1.06029e+07

2.8579 1.02858e+07

2.87892 9.95538e+06

2.89993 9.61266e+06

2.92095 9.2586e+06

2.94196 8.89429e+06

2.96297 8.52092e+06

2.98399 8.13974e+06

3.005 7.75206e+06

3.02602 7.35929e+06

3.04703 6.96285e+06

3.06804 6.56425e+06

3.08906 6.16501e+06

3.11007 5.76668e+06

3.13109 5.37083e+06

3.1521 4.97903e+06

3.17311 4.59286e+06

3.19413 4.21387e+06

3.21514 3.84358e+06

3.23616 3.48347e+06

3.25717 3.13499e+06

3.27818 2.79951e+06

3.2992 2.47835e+06

3.32021 2.17276e+06

3.34123 1.88388e+06

3.36224 1.61278e+06

3.38325 1.36045e+06

3.40427 1.12776e+06

3.42528 915485

3.4463 724294

3.46731 554756

3.48832 407331

3.50934 282374

3.53035 180136

3.55137 100767

3.57238 44316.3

3.59339 10739.8

3.61441 -100

3.63542 -100

3.65644 -100

3.67745 -100

3.69846 -100

3.71948 -100

3.74049 -100

3.76151 -100

3.78252 -100

3.80353 -100

3.82455 -100

3.84556 -100

3.86658 -100

3.88759 -100

3.9086 -100

3.92962 -100

3.95063 -100

3.97165 -100

3.99266 -100

4.01367 -100

4.03469 -100

4.0557 -100

4.07672 -100

4.09773 -100

4.11874 -100

4.13976 -100

4.16077 -100

4.18179 -100

4.2028 -100

4.22381 -100

4.24483 -100

4.26584 -100

4.28686 -100

4.30787 -100

4.32888 -100

4.3499 -100

4.37091 -100

4.39193 -100

4.41294 -100

4.43395 -100

4.45497 -100

4.47598 -100

4.497 -100

4.51801 -100

4.53902 -100

4.56004 -100

4.58105 -100

4.60207 -100

4.62308 -100

4.64409 -100

4.66511 -100

4.68612 -100

4.70714 -100

4.72815 -100

4.74916 -100

4.77018 -100

4.79119 -100

4.81221 -100

4.83322 -100

4.85423 -100

4.87525 -100

4.89626 -100

4.91728 -100

4.93829 -100

4.9593 -100

4.98032 -100

5.00133 -100

5.02235 -100

5.04336 -100

5.06437 -100

5.08539 -100

5.1064 -100

5.12742 -100

5.14843 -100

5.16944 -100

5.19046 -100

5.21147 -100

5.23249 -100

5.2535 -100

5.27451 -100

5.29553 -100

5.31654 -100

5.33756 195487

5.35857 158829

5.37958 126540

5.4006 98400.4

5.42161 74205.9

5.44263 53759.5

5.46364 36874

5.48465 23371.1

5.50567 13080.6

5.52668 5840.56

5.5477 1496.19

5.56871 -100

5.58972 -100

5.61074 -100

5.63175 -100

5.65277 -100

5.67378 -100

5.69479 -100

5.71581 -100

5.73682 -100

5.75784 -100

5.77885 -100

5.79986 -100

5.82088 -100

5.84189 -100

5.86291 -100

5.88392 -100

5.90493 -100

5.92595 -100

5.94696 -100

5.96798 -100

5.98899 -100

6.01 -100

6.03102 -100

6.05203 -100

6.07305 -100

6.09406 -100

6.11507 -100

6.13609 -100

6.1571 -100

6.17812 -100

6.19913 -100

6.22014 -100

6.24116 -100

6.26217 -100

6.28319 -100

