101325,101325,101325,101325,101325,101325,101325,101325,101325,101325,101325,101325,101325,101325,101325,101325,101325,101325,101325,101325,101325,101325,101325,101325,101325,101325,101325,101325,101325,101325,101325,101325,101325,101325,101325,101325,101325,101325,101325,101325,101325,101325,101325,101325,101325,101325,101325,101325,101325,101325,
101325,126673,150852,174103,196563,218312,239394,259836,279652,298846,317420,335371,352695,369390,385449,400867,415640,429759,443216,456000,468098,479491,490158,500070,509192,517482,524887,531344,536778,541101,544206,545974,546261,544907,541727,536513,529033,519029,506222,490309,470974,447890,420733,389198,353021,312011,266092,215361,160181,101325,
101325,151820,200074,246519,291405,334880,377033,417911,457538,495925,533071,568973,603622,637011,669130,699968,729514,757754,784671,810243,834444,857238,878581,898418,916678,933277,948111,961054,971957,980642,986901,990490,991128,988492,982213,971876,957016,937118,911621,879919,841375,795331,741133,678161,605875,523874,431982,330360,219670,101325,
101325,176638,248782,318307,385549,450709,513906,575203,634632,692205,747920,801769,853741,903822,951998,998254,1.04257e+06,1.08493e+06,1.12531e+06,1.16368e+06,1.19999e+06,1.2342e+06,1.26623e+06,1.29601e+06,1.32344e+06,1.34838e+06,1.37069e+06,1.39017e+06,1.4066e+06,1.41973e+06,1.42923e+06,1.43474e+06,1.43585e+06,1.43206e+06,1.42284e+06,1.40755e+06,1.3855e+06,1.35591e+06,1.31795e+06,1.27069e+06,1.21317e+06,1.1444e+06,1.06337e+06,969143,860866,737900,599921,447086,280260,101325,
101325,201054,296836,389286,478784,565566,649764,731454,810667,887412,961685,1.03347e+06,1.10276e+06,1.16952e+06,1.23375e+06,1.29542e+06,1.3545e+06,1.41098e+06,1.46482e+06,1.51598e+06,1.56441e+06,1.61004e+06,1.65278e+06,1.69254e+06,1.72916e+06,1.76249e+06,1.79233e+06,1.81842e+06,1.84047e+06,1.85813e+06,1.87099e+06,1.87857e+06,1.88032e+06,1.87558e+06,1.86362e+06,1.84362e+06,1.81464e+06,1.77566e+06,1.72554e+06,1.66305e+06,1.58689e+06,1.49572e+06,1.38816e+06,1.26292e+06,1.11881e+06,954906,770662,566151,342314,101325,
101325,225026,344158,459342,570974,679293,784439,886483,985451,1.08135e+06,1.17416e+06,1.26387e+06,1.35045e+06,1.43388e+06,1.51414e+06,1.5912e+06,1.66504e+06,1.73562e+06,1.80291e+06,1.86686e+06,1.92741e+06,1.98447e+06,2.03794e+06,2.08769e+06,2.13355e+06,2.17532e+06,2.21275e+06,2.24553e+06,2.2733e+06,2.29563e+06,2.31201e+06,2.32183e+06,2.32441e+06,2.31895e+06,2.30453e+06,2.28012e+06,2.24455e+06,2.19654e+06,2.13464e+06,2.05733e+06,1.96295e+06,1.84978e+06,1.71608e+06,1.56013e+06,1.38039e+06,1.17556e+06,944823,688050,406122,101325,
101325,248544,390715,528424,662046,791808,917833,1.04018e+06,1.15886e+06,1.27388e+06,1.3852e+06,1.4928e+06,1.59665e+06,1.69672e+06,1.79298e+06,1.88541e+06,1.97397e+06,2.05863e+06,2.13935e+06,2.21607e+06,2.28873e+06,2.35722e+06,2.42142e+06,2.48119e+06,2.53632e+06,2.58659e+06,2.63168e+06,2.67124e+06,2.70485e+06,2.73199e+06,2.75204e+06,2.76431e+06,2.76797e+06,2.76205e+06,2.74548e+06,2.71701e+06,2.67525e+06,2.61862e+06,2.54542e+06,2.45377e+06,2.34166e+06,2.20697e+06,2.04755e+06,1.86126e+06,1.64611e+06,1.40039e+06,1.12289e+06,813179,471917,101325,
101325,271618,436514,596530,751990,903085,1.04991e+06,1.1925e+06,1.33085e+06,1.46494e+06,1.59472e+06,1.72017e+06,1.84124e+06,1.9579e+06,2.07012e+06,2.17787e+06,2.28112e+06,2.37982e+06,2.47393e+06,2.5634e+06,2.64814e+06,2.72804e+06,2.80298e+06,2.87278e+06,2.93722e+06,2.99602e+06,3.04885e+06,3.09529e+06,3.13485e+06,3.16694e+06,3.19086e+06,3.2058e+06,3.21079e+06,3.20473e+06,3.18635e+06,3.15421e+06,3.10668e+06,3.04193e+06,2.95793e+06,2.85248e+06,2.72319e+06,2.56753e+06,2.3829e+06,2.16668e+06,1.91638e+06,1.62981e+06,1.30526e+06,941852,539888,101325,
101325,294273,481594,663700,840843,1.01316e+06,1.1807e+06,1.34346e+06,1.50141e+06,1.65451e+06,1.8027e+06,1.94594e+06,2.08417e+06,2.21736e+06,2.34548e+06,2.46848e+06,2.58634e+06,2.69902e+06,2.80648e+06,2.90864e+06,3.00542e+06,3.09672e+06,3.18238e+06,3.26221e+06,3.33596e+06,3.40334e+06,3.46397e+06,3.51737e+06,3.56301e+06,3.60021e+06,3.62819e+06,3.64602e+06,3.65262e+06,3.64673e+06,3.62692e+06,3.59154e+06,3.53872e+06,3.46636e+06,3.37214e+06,3.25348e+06,3.10762e+06,2.93159e+06,2.7223e+06,2.47661e+06,2.19148e+06,1.8641e+06,1.4922e+06,1.07431e+06,610185,101325,
101325,316553,526019,730011,928685,1.1221e+06,1.31026e+06,1.49311e+06,1.67059e+06,1.84263e+06,2.00915e+06,2.17009e+06,2.32541e+06,2.47504e+06,2.61896e+06,2.75713e+06,2.88953e+06,3.01611e+06,3.13682e+06,3.25161e+06,3.36038e+06,3.46301e+06,3.55936e+06,3.6492e+06,3.73228e+06,3.80827e+06,3.87674e+06,3.93719e+06,3.98902e+06,4.03148e+06,4.06371e+06,4.08467e+06,4.09316e+06,4.08779e+06,4.06694e+06,4.02875e+06,3.97114e+06,3.89173e+06,3.78788e+06,3.65666e+06,3.4949e+06,3.29915e+06,3.06581e+06,2.79116e+06,2.47153e+06,2.10345e+06,1.68392e+06,1.21073e+06,682919,101325,
101325,338510,569878,795571,1.01563e+06,1.23004e+06,1.43871e+06,1.64156e+06,1.83848e+06,2.02936e+06,2.21412e+06,2.39267e+06,2.56495e+06,2.73092e+06,2.89053e+06,3.04376e+06,3.19057e+06,3.33094e+06,3.46481e+06,3.59213e+06,3.7128e+06,3.8267e+06,3.93367e+06,4.0335e+06,4.12588e+06,4.21048e+06,4.28684e+06,4.35441e+06,4.41253e+06,4.4604e+06,4.49706e+06,4.52139e+06,4.53206e+06,4.52754e+06,4.50604e+06,4.46552e+06,4.40364e+06,4.31776e+06,4.20491e+06,4.06181e+06,3.88484e+06,3.67007e+06,3.41334e+06,3.1103e+06,2.75658e+06,2.34792e+06,1.88049e+06,1.3512e+06,758170,101325,
101325,360208,613275,860512,1.10184e+06,1.33712e+06,1.56621e+06,1.78896e+06,2.0052e+06,2.21482e+06,2.41769e+06,2.61372e+06,2.80284e+06,2.985e+06,3.16017e+06,3.3283e+06,3.48939e+06,3.6434e+06,3.79029e+06,3.93001e+06,4.06247e+06,4.18754e+06,4.30506e+06,4.41479e+06,4.51645e+06,4.60964e+06,4.6939e+06,4.76864e+06,4.83315e+06,4.88655e+06,4.92782e+06,4.95574e+06,4.96888e+06,4.96555e+06,4.94381e+06,4.90142e+06,4.8358e+06,4.74405e+06,4.62287e+06,4.46859e+06,4.27714e+06,4.0441e+06,3.76468e+06,3.43387e+06,3.04651e+06,2.59747e+06,2.08194e+06,1.49577e+06,835978,101325,
101325,381716,656333,924989,1.18746e+06,1.44352e+06,1.69293e+06,1.93545e+06,2.17091e+06,2.39913e+06,2.61997e+06,2.83332e+06,3.03911e+06,3.23729e+06,3.42782e+06,3.61069e+06,3.78587e+06,3.95335e+06,4.11309e+06,4.26506e+06,4.40915e+06,4.54526e+06,4.67321e+06,4.79277e+06,4.90363e+06,5.00538e+06,5.09754e+06,5.17947e+06,5.25043e+06,5.30948e+06,5.35552e+06,5.38725e+06,5.40312e+06,5.40131e+06,5.37973e+06,5.33594e+06,5.26713e+06,5.17011e+06,5.04127e+06,4.87654e+06,4.67139e+06,4.42084e+06,4.1195e+06,3.7616e+06,3.34111e+06,2.85193e+06,2.28816e+06,1.64441e+06,916348,101325,
101325,403112,699183,989171,1.27271e+06,1.54944e+06,1.81905e+06,2.08124e+06,2.33577e+06,2.58243e+06,2.82106e+06,3.05154e+06,3.2738e+06,3.48779e+06,3.69348e+06,3.89085e+06,4.07991e+06,4.26064e+06,4.43303e+06,4.59704e+06,4.75259e+06,4.89957e+06,5.0378e+06,5.16706e+06,5.28702e+06,5.39727e+06,5.49728e+06,5.58642e+06,5.66386e+06,5.72865e+06,5.7796e+06,5.81533e+06,5.83418e+06,5.83423e+06,5.81319e+06,5.76845e+06,5.69699e+06,5.59532e+06,5.4595e+06,5.28506e+06,5.067e+06,4.79978e+06,4.47731e+06,4.09304e+06,3.64001e+06,3.11104e+06,2.49897e+06,1.79701e+06,999243,101325,
101325,424477,741966,1.05324e+06,1.35777e+06,1.6551e+06,1.9448e+06,2.22651e+06,2.49994e+06,2.76485e+06,3.02107e+06,3.26846e+06,3.50695e+06,3.73649e+06,3.95707e+06,4.16868e+06,4.37135e+06,4.56508e+06,4.74987e+06,4.92568e+06,5.09246e+06,5.25011e+06,5.39844e+06,5.53724e+06,5.66616e+06,5.78481e+06,5.89262e+06,5.98892e+06,6.07287e+06,6.14345e+06,6.19943e+06,6.23933e+06,6.2614e+06,6.26359e+06,6.24347e+06,6.19824e+06,6.12464e+06,6.01893e+06,5.87682e+06,5.69343e+06,5.46328e+06,5.18022e+06,4.83748e+06,4.42763e+06,3.94273e+06,3.37439e+06,2.71407e+06,1.95338e+06,1.08458e+06,101325,
101325,445897,784829,1.11738e+06,1.44287e+06,1.7607e+06,2.07037e+06,2.37145e+06,2.6636e+06,2.94654e+06,3.22009e+06,3.48412e+06,3.73854e+06,3.98334e+06,4.2185e+06,4.44405e+06,4.66002e+06,4.86644e+06,5.06333e+06,5.25067e+06,5.42841e+06,5.59647e+06,5.75468e+06,5.90281e+06,6.04054e+06,6.16744e+06,6.28294e+06,6.38635e+06,6.47679e+06,6.5532e+06,6.61428e+06,6.6585e+06,6.684e+06,6.6886e+06,6.66975e+06,6.62446e+06,6.54924e+06,6.44008e+06,6.29235e+06,6.10078e+06,5.85937e+06,5.56136e+06,5.19923e+06,4.76466e+06,4.24863e+06,3.64145e+06,2.93306e+06,2.11325e+06,1.17224e+06,101325,
101325,467458,827920,1.18178e+06,1.5282e+06,1.86646e+06,2.19598e+06,2.51625e+06,2.82688e+06,3.1276e+06,3.41819e+06,3.69853e+06,3.96855e+06,4.22825e+06,4.47763e+06,4.71675e+06,4.94566e+06,5.16442e+06,5.37306e+06,5.57159e+06,5.75998e+06,5.93816e+06,6.10598e+06,6.26321e+06,6.40953e+06,6.5445e+06,6.66756e+06,6.77797e+06,6.87485e+06,6.95708e+06,7.02333e+06,7.07196e+06,7.10106e+06,7.10833e+06,7.09107e+06,7.04612e+06,6.96978e+06,6.85775e+06,6.70509e+06,6.50609e+06,6.25426e+06,5.9422e+06,5.56161e+06,5.10325e+06,4.55691e+06,3.91155e+06,3.15539e+06,2.27627e+06,1.26205e+06,101325,
101325,489246,871386,1.24662e+06,1.61396e+06,1.97258e+06,2.32179e+06,2.66104e+06,2.9899e+06,3.30808e+06,3.61537e+06,3.91165e+06,4.19688e+06,4.47106e+06,4.73425e+06,4.98652e+06,5.22795e+06,5.45863e+06,5.67862e+06,5.88796e+06,6.08664e+06,6.27461e+06,6.45172e+06,6.61776e+06,6.77241e+06,6.91524e+06,7.04567e+06,7.16296e+06,7.26618e+06,7.35419e+06,7.42561e+06,7.47874e+06,7.51158e+06,7.52173e+06,7.50635e+06,7.46212e+06,7.38512e+06,7.27079e+06,7.11385e+06,6.90819e+06,6.64677e+06,6.32159e+06,5.92353e+06,5.44235e+06,4.86664e+06,4.18385e+06,3.38041e+06,2.44196e+06,1.35375e+06,101325,
101325,511344,915367,1.31208e+06,1.70034e+06,2.07923e+06,2.44796e+06,2.80594e+06,3.15272e+06,3.488e+06,3.81158e+06,4.12337e+06,4.42334e+06,4.71154e+06,4.98805e+06,5.25298e+06,5.50645e+06,5.74858e+06,5.97948e+06,6.19919e+06,6.40774e+06,6.6051e+06,6.79114e+06,6.96566e+06,7.12835e+06,7.27877e+06,7.41635e+06,7.54033e+06,7.64976e+06,7.74348e+06,7.82004e+06,7.8777e+06,7.91439e+06,7.92759e+06,7.91436e+06,7.87118e+06,7.79396e+06,7.67787e+06,7.51729e+06,7.30571e+06,7.03557e+06,6.6982e+06,6.28368e+06,5.78074e+06,5.17668e+06,4.45739e+06,3.60733e+06,2.60976e+06,1.44706e+06,101325,
101325,533833,959992,1.3783e+06,1.7875e+06,2.18653e+06,2.57458e+06,2.951e+06,3.31534e+06,3.66729e+06,4.0067e+06,4.33348e+06,4.64766e+06,4.94933e+06,5.2386e+06,5.51565e+06,5.78062e+06,6.03367e+06,6.27494e+06,6.50454e+06,6.72249e+06,6.92879e+06,7.12335e+06,7.30597e+06,7.47635e+06,7.63407e+06,7.77853e+06,7.90898e+06,8.02445e+06,8.12374e+06,8.20538e+06,8.26758e+06,8.30817e+06,8.32457e+06,8.31369e+06,8.27188e+06,8.19484e+06,8.0775e+06,7.9139e+06,7.69713e+06,7.41912e+06,7.07053e+06,6.6406e+06,6.11701e+06,5.48574e+06,4.731e+06,3.83518e+06,2.77897e+06,1.5416e+06,101325,
101325,556784,1.00538e+06,1.44542e+06,1.87554e+06,2.29458e+06,2.70168e+06,3.09619e+06,3.47765e+06,3.84578e+06,4.20046e+06,4.54165e+06,4.86944e+06,5.18395e+06,5.48536e+06,5.77389e+06,6.04975e+06,6.31313e+06,6.5642e+06,6.80312e+06,7.02995e+06,7.2447e+06,7.44731e+06,7.6376e+06,7.81529e+06,7.97994e+06,8.13097e+06,8.26763e+06,8.38892e+06,8.49363e+06,8.58024e+06,8.64692e+06,8.69144e+06,8.71113e+06,8.70278e+06,8.66262e+06,8.58612e+06,8.46799e+06,8.30198e+06,8.08073e+06,7.79569e+06,7.43685e+06,6.9926e+06,6.44955e+06,5.79231e+06,5.00334e+06,4.06286e+06,2.94878e+06,1.63692e+06,101325,
101325,580260,1.05161e+06,1.51353e+06,1.96452e+06,2.40339e+06,2.82923e+06,3.24139e+06,3.63945e+06,4.02318e+06,4.39249e+06,4.74742e+06,5.08811e+06,5.41476e+06,5.72761e+06,6.02692e+06,6.31297e+06,6.58601e+06,6.84625e+06,7.09387e+06,7.32899e+06,7.55165e+06,7.7618e+06,7.95928e+06,8.14382e+06,8.31501e+06,8.47227e+06,8.61482e+06,8.74167e+06,8.85159e+06,8.94303e+06,9.0141e+06,9.06253e+06,9.08555e+06,9.07988e+06,9.04158e+06,8.96596e+06,8.84749e+06,8.67961e+06,8.45459e+06,8.16335e+06,7.79523e+06,7.33779e+06,6.77654e+06,6.09468e+06,5.27289e+06,4.28906e+06,3.11823e+06,1.73249e+06,101325,
101325,604307,1.09874e+06,1.58265e+06,2.05443e+06,2.51287e+06,2.95705e+06,3.38635e+06,3.8004e+06,4.19903e+06,4.58224e+06,4.95014e+06,5.30294e+06,5.64093e+06,5.96441e+06,6.27374e+06,6.56922e+06,6.85118e+06,7.11987e+06,7.37553e+06,7.6183e+06,7.84825e+06,8.06537e+06,8.26951e+06,8.46043e+06,8.63772e+06,8.8008e+06,8.94889e+06,9.081e+06,9.19588e+06,9.29194e+06,9.36728e+06,9.41955e+06,9.44593e+06,9.44302e+06,9.40676e+06,9.33231e+06,9.21389e+06,9.04468e+06,8.81655e+06,8.51993e+06,8.14353e+06,7.67406e+06,7.09593e+06,6.39093e+06,5.53788e+06,4.51232e+06,3.28619e+06,1.8277e+06,101325,
101325,628954,1.1468e+06,1.65276e+06,2.14519e+06,2.62284e+06,3.08486e+06,3.53067e+06,3.95998e+06,4.37272e+06,4.76897e+06,5.14895e+06,5.51297e+06,5.8614e+06,6.19465e+06,6.51311e+06,6.81719e+06,7.10725e+06,7.38363e+06,7.64658e+06,7.89629e+06,8.13288e+06,8.35635e+06,8.56659e+06,8.76336e+06,8.94625e+06,9.11471e+06,9.26795e+06,9.40498e+06,9.52452e+06,9.62498e+06,9.70441e+06,9.76041e+06,9.79011e+06,9.79001e+06,9.75594e+06,9.68289e+06,9.5649e+06,9.39484e+06,9.16425e+06,8.86307e+06,8.47938e+06,7.99906e+06,7.40545e+06,6.6789e+06,5.79638e+06,4.73096e+06,3.45141e+06,1.92181e+06,101325,
101325,654202,1.19574e+06,1.72375e+06,2.23657e+06,2.73298e+06,3.2122e+06,3.67376e+06,4.11747e+06,4.54338e+06,4.9517e+06,5.34277e+06,5.71701e+06,6.07489e+06,6.41691e+06,6.74355e+06,7.05531e+06,7.3526e+06,7.63581e+06,7.90526e+06,8.16117e+06,8.40368e+06,8.63284e+06,8.84854e+06,9.05058e+06,9.23855e+06,9.4119e+06,9.56987e+06,9.71143e+06,9.8353e+06,9.93988e+06,1.00232e+07,1.00828e+07,1.01157e+07,1.01184e+07,1.00866e+07,1.00152e+07,9.89796e+06,9.72751e+06,9.49508e+06,9.19013e+06,8.80015e+06,8.31021e+06,7.70258e+06,6.95621e+06,6.04618e+06,4.94309e+06,3.61244e+06,2.01401e+06,101325,
101325,680022,1.24546e+06,1.7954e+06,2.32823e+06,2.8428e+06,3.33844e+06,3.81482e+06,4.27192e+06,4.70993e+06,5.12921e+06,5.53024e+06,5.91357e+06,6.27979e+06,6.62951e+06,6.9633e+06,7.28173e+06,7.58529e+06,7.87443e+06,8.14951e+06,8.4108e+06,8.65848e+06,8.89261e+06,9.11312e+06,9.31981e+06,9.51229e+06,9.69002e+06,9.85223e+06,9.9979e+06,1.01257e+07,1.02341e+07,1.03211e+07,1.0384e+07,1.04201e+07,1.04256e+07,1.03962e+07,1.03265e+07,1.02103e+07,1.00399e+07,9.80617e+06,9.49824e+06,9.10296e+06,8.60465e+06,7.98455e+06,7.22022e+06,6.28487e+06,5.14663e+06,3.76767e+06,2.10335e+06,101325,
101325,706343,1.29577e+06,1.86739e+06,2.41967e+06,2.9516e+06,3.4627e+06,3.95281e+06,4.42211e+06,4.87098e+06,5.29995e+06,5.70968e+06,6.10085e+06,6.4742e+06,6.83043e+06,7.17025e+06,7.49427e+06,7.80308e+06,8.09718e+06,8.37697e+06,8.64279e+06,8.89482e+06,9.13317e+06,9.35778e+06,9.56846e+06,9.76486e+06,9.94641e+06,1.01124e+07,1.02617e+07,1.03931e+07,1.05049e+07,1.05952e+07,1.06614e+07,1.07004e+07,1.07086e+07,1.06815e+07,1.06137e+07,1.04988e+07,1.03288e+07,1.00944e+07,9.78426e+06,9.3847e+06,8.87931e+06,8.24835e+06,7.46804e+06,6.50979e+06,5.33926e+06,3.91532e+06,2.1888e+06,101325,
101325,733045,1.34639e+06,1.93923e+06,2.51018e+06,3.05848e+06,3.58384e+06,4.08638e+06,4.5665e+06,5.02481e+06,5.46206e+06,5.87907e+06,6.27671e+06,6.65585e+06,7.01733e+06,7.36194e+06,7.6904e+06,8.00337e+06,8.3014e+06,8.58494e+06,8.85437e+06,9.10991e+06,9.35169e+06,9.57966e+06,9.79365e+06,9.99332e+06,1.01781e+07,1.03473e+07,1.04998e+07,1.06343e+07,1.07492e+07,1.08425e+07,1.09116e+07,1.09534e+07,1.09642e+07,1.09395e+07,1.08737e+07,1.07602e+07,1.0591e+07,1.03565e+07,1.00448e+07,9.64198e+06,9.13083e+06,8.49071e+06,7.69656e+06,6.71805e+06,5.51847e+06,4.0534e+06,2.26919e+06,101325,
101325,759946,1.3969e+06,2.01024e+06,2.59885e+06,3.16224e+06,3.70044e+06,4.21387e+06,4.70321e+06,5.16935e+06,5.61327e+06,6.03601e+06,6.43862e+06,6.82211e+06,7.18746e+06,7.53557e+06,7.86724e+06,8.18321e+06,8.48408e+06,8.77036e+06,9.04246e+06,9.30062e+06,9.54499e+06,9.77556e+06,9.99215e+06,1.01944e+07,1.03819e+07,1.05537e+07,1.07088e+07,1.0846e+07,1.09636e+07,1.10596e+07,1.11313e+07,1.11757e+07,1.11889e+07,1.11665e+07,1.11027e+07,1.09909e+07,1.08228e+07,1.05886e+07,1.02763e+07,9.87117e+06,9.35563e+06,8.70811e+06,7.90241e+06,6.90654e+06,5.68153e+06,4.17978e+06,2.34326e+06,101325,
101325,786787,1.44675e+06,2.07957e+06,2.68449e+06,3.26139e+06,3.81071e+06,4.33322e+06,4.82997e+06,5.30213e+06,5.75095e+06,6.17771e+06,6.58364e+06,6.96993e+06,7.33768e+06,7.68791e+06,8.0215e+06,8.33925e+06,8.64184e+06,8.92981e+06,9.20359e+06,9.46346e+06,9.70958e+06,9.94195e+06,1.01604e+07,1.03646e+07,1.0554e+07,1.07279e+07,1.08852e+07,1.10246e+07,1.11445e+07,1.12427e+07,1.13167e+07,1.13635e+07,1.1379e+07,1.13588e+07,1.12971e+07,1.11871e+07,1.10205e+07,1.07871e+07,1.04748e+07,1.00684e+07,9.54988e+06,8.89683e+06,8.082e+06,7.07193e+06,5.8255e+06,4.29214e+06,2.40962e+06,101325,
101325,813224,1.49522e+06,2.14611e+06,2.7656e+06,3.3541e+06,3.9125e+06,4.44202e+06,4.94409e+06,5.42024e+06,5.87201e+06,6.30092e+06,6.70841e+06,7.09584e+06,7.46445e+06,7.81534e+06,8.1495e+06,8.46779e+06,8.77093e+06,9.05951e+06,9.33396e+06,9.59461e+06,9.84161e+06,1.0075e+07,1.02946e+07,1.05e+07,1.06908e+07,1.08661e+07,1.1025e+07,1.11662e+07,1.12878e+07,1.1388e+07,1.1464e+07,1.15128e+07,1.15304e+07,1.15123e+07,1.14527e+07,1.13447e+07,1.11798e+07,1.09478e+07,1.06362e+07,1.02296e+07,9.70955e+06,9.05294e+06,8.23158e+06,7.21071e+06,5.9473e+06,4.38806e+06,2.46682e+06,101325,
101325,838808,1.54139e+06,2.20847e+06,2.84038e+06,3.43816e+06,4.00325e+06,4.53739e+06,5.04246e+06,5.52035e+06,5.97293e+06,6.40198e+06,6.80916e+06,7.19597e+06,7.5638e+06,7.91385e+06,8.24719e+06,8.56473e+06,8.86723e+06,9.15531e+06,9.42942e+06,9.68991e+06,9.93692e+06,1.01705e+07,1.03904e+07,1.05964e+07,1.07879e+07,1.09642e+07,1.11241e+07,1.12664e+07,1.13895e+07,1.14911e+07,1.15688e+07,1.16194e+07,1.1639e+07,1.16229e+07,1.15653e+07,1.14594e+07,1.12965e+07,1.10663e+07,1.07562e+07,1.03506e+07,9.83046e+06,9.17233e+06,8.34722e+06,7.31923e+06,6.04371e+06,4.46496e+06,2.51332e+06,101325,
101325,862969,1.58412e+06,2.26497e+06,2.90666e+06,3.51095e+06,4.07996e+06,4.61602e+06,5.12149e+06,5.59866e+06,6.04975e+06,6.4768e+06,6.88166e+06,7.26603e+06,7.6314e+06,7.97906e+06,8.31016e+06,8.62564e+06,8.9263e+06,9.21276e+06,9.48552e+06,9.74489e+06,9.99104e+06,1.0224e+07,1.04435e+07,1.06494e+07,1.0841e+07,1.10175e+07,1.1178e+07,1.1321e+07,1.1445e+07,1.15478e+07,1.16268e+07,1.16789e+07,1.17002e+07,1.16859e+07,1.16305e+07,1.15267e+07,1.13661e+07,1.11383e+07,1.08305e+07,1.04269e+07,9.9083e+06,9.25082e+06,8.4249e+06,7.39376e+06,6.11143e+06,4.52023e+06,2.54751e+06,101325,
101325,885004,1.62202e+06,2.3136e+06,2.96187e+06,3.56944e+06,4.13922e+06,4.67417e+06,5.17716e+06,5.65096e+06,6.09809e+06,6.52086e+06,6.92134e+06,7.30137e+06,7.66255e+06,8.00625e+06,8.33366e+06,8.64577e+06,8.94339e+06,9.22715e+06,9.49754e+06,9.75487e+06,9.9993e+06,1.02308e+07,1.04493e+07,1.06543e+07,1.08453e+07,1.10216e+07,1.1182e+07,1.13253e+07,1.14498e+07,1.15533e+07,1.16333e+07,1.16866e+07,1.17095e+07,1.1697e+07,1.16436e+07,1.15422e+07,1.13842e+07,1.11593e+07,1.08545e+07,1.04541e+07,9.93872e+06,9.28418e+06,8.46059e+06,7.43054e+06,6.14715e+06,4.55124e+06,2.56782e+06,101325,
101325,904061,1.65346e+06,2.35204e+06,3.00307e+06,3.6102e+06,4.17717e+06,4.70764e+06,5.20506e+06,5.67262e+06,6.11318e+06,6.52932e+06,6.92328e+06,7.29704e+06,7.65228e+06,7.99044e+06,8.31274e+06,8.62018e+06,8.91357e+06,9.19355e+06,9.46058e+06,9.71497e+06,9.95684e+06,1.01862e+07,1.04028e+07,1.06064e+07,1.07962e+07,1.09716e+07,1.11315e+07,1.12746e+07,1.13991e+07,1.1503e+07,1.15837e+07,1.16381e+07,1.16622e+07,1.16515e+07,1.16002e+07,1.15013e+07,1.13462e+07,1.11247e+07,1.08239e+07,1.04279e+07,9.91743e+06,9.26826e+06,8.45031e+06,7.42592e+06,6.14763e+06,4.55539e+06,2.57267e+06,101325,
101325,919131,1.67652e+06,2.37758e+06,3.02693e+06,3.62937e+06,4.18956e+06,4.71189e+06,5.2004e+06,5.6587e+06,6.08999e+06,6.49706e+06,6.88233e+06,7.24787e+06,7.59543e+06,7.92649e+06,8.24227e+06,8.54378e+06,8.83181e+06,9.10697e+06,9.36969e+06,9.62027e+06,9.8588e+06,1.00852e+07,1.02994e+07,1.05008e+07,1.06889e+07,1.0863e+07,1.10219e+07,1.11642e+07,1.12884e+07,1.13924e+07,1.14735e+07,1.15286e+07,1.15539e+07,1.15448e+07,1.14957e+07,1.13994e+07,1.12478e+07,1.10302e+07,1.07342e+07,1.0344e+07,9.84034e+06,9.19909e+06,8.39032e+06,7.37639e+06,6.10982e+06,4.53027e+06,2.56059e+06,101325,
101325,929045,1.68904e+06,2.38723e+06,3.02979e+06,3.62277e+06,4.17181e+06,4.68208e+06,5.15815e+06,5.60405e+06,6.02328e+06,6.41883e+06,6.79323e+06,7.14862e+06,7.4868e+06,7.80925e+06,8.11716e+06,8.41153e+06,8.6931e+06,8.96245e+06,9.21998e+06,9.46593e+06,9.70036e+06,9.9232e+06,1.01342e+07,1.0333e+07,1.05188e+07,1.0691e+07,1.08484e+07,1.09897e+07,1.11132e+07,1.12169e+07,1.12981e+07,1.13538e+07,1.13803e+07,1.13728e+07,1.13258e+07,1.12326e+07,1.10846e+07,1.08718e+07,1.05816e+07,1.01986e+07,9.70363e+06,9.07304e+06,8.27717e+06,7.27882e+06,6.03095e+06,4.4737e+06,2.53026e+06,101325,
101325,932479,1.68858e+06,2.3777e+06,3.0077e+06,3.58597e+06,4.11916e+06,4.61318e+06,5.07314e+06,5.50343e+06,5.9078e+06,6.28937e+06,6.65077e+06,6.99415e+06,7.32131e+06,7.6337e+06,7.93247e+06,8.21856e+06,8.49266e+06,8.75529e+06,9.0068e+06,9.24736e+06,9.47702e+06,9.69564e+06,9.90293e+06,1.00985e+07,1.02816e+07,1.04515e+07,1.0607e+07,1.07469e+07,1.08694e+07,1.09725e+07,1.10536e+07,1.11098e+07,1.11372e+07,1.11314e+07,1.10869e+07,1.09968e+07,1.08531e+07,1.06458e+07,1.03625e+07,9.98813e+06,9.50403e+06,8.88696e+06,8.10794e+06,7.13054e+06,5.90873e+06,4.38386e+06,2.48059e+06,101325,
101325,927972,1.67255e+06,2.3455e+06,2.95653e+06,3.5144e+06,4.02675e+06,4.50018e+06,4.94028e+06,5.35174e+06,5.73847e+06,6.10368e+06,6.45001e+06,6.77962e+06,7.09422e+06,7.3952e+06,7.68365e+06,7.96041e+06,8.22612e+06,8.4812e+06,8.72594e+06,8.96046e+06,9.18472e+06,9.39855e+06,9.60163e+06,9.79347e+06,9.97341e+06,1.01406e+07,1.02939e+07,1.0432e+07,1.05533e+07,1.06556e+07,1.07365e+07,1.07931e+07,1.08215e+07,1.08174e+07,1.07755e+07,1.06891e+07,1.05502e+07,1.03491e+07,1.00739e+07,9.70991e+06,9.23891e+06,8.63842e+06,7.88037e+06,6.92954e+06,5.74145e+06,4.25944e+06,2.41082e+06,101325,
101325,913960,1.6382e+06,2.28705e+06,2.87214e+06,3.40354e+06,3.88985e+06,4.33827e+06,4.75475e+06,5.1442e+06,5.51061e+06,5.85719e+06,6.18654e+06,6.50071e+06,6.80134e+06,7.0897e+06,7.36678e+06,7.6333e+06,7.88979e+06,8.1366e+06,8.37392e+06,8.60179e+06,8.82012e+06,9.02868e+06,9.2271e+06,9.41486e+06,9.59125e+06,9.75541e+06,9.90623e+06,1.00424e+07,1.01621e+07,1.02635e+07,1.03442e+07,1.0401e+07,1.04305e+07,1.04284e+07,1.03893e+07,1.0307e+07,1.01736e+07,9.97981e+06,9.71402e+06,9.36208e+06,8.90656e+06,8.32585e+06,7.5931e+06,6.67466e+06,5.52816e+06,4.09977e+06,2.32055e+06,101325,
101325,888827,1.58277e+06,2.19884e+06,2.75052e+06,3.24915e+06,3.70412e+06,4.1231e+06,4.5123e+06,4.87669e+06,5.22024e+06,5.54609e+06,5.85669e+06,6.15395e+06,6.43937e+06,6.71405e+06,6.97883e+06,7.23431e+06,7.48089e+06,7.71882e+06,7.94817e+06,8.16891e+06,8.38087e+06,8.58376e+06,8.77715e+06,8.96048e+06,9.13304e+06,9.29391e+06,9.442e+06,9.57594e+06,9.69411e+06,9.79453e+06,9.8748e+06,9.93203e+06,9.96276e+06,9.96278e+06,9.92701e+06,9.84933e+06,9.72227e+06,9.53679e+06,9.28183e+06,8.9439e+06,8.5064e+06,7.94884e+06,7.24585e+06,6.36577e+06,5.26887e+06,3.90492e+06,2.20989e+06,101325,
101325,850979,1.50362e+06,2.07757e+06,2.58806e+06,3.04748e+06,3.46584e+06,3.85109e+06,4.20951e+06,4.546e+06,4.86438e+06,5.1676e+06,5.4579e+06,5.73699e+06,6.00612e+06,6.26623e+06,6.51797e+06,6.76176e+06,6.99788e+06,7.22642e+06,7.44737e+06,7.66059e+06,7.86583e+06,8.06273e+06,8.25082e+06,8.42948e+06,8.59797e+06,8.75537e+06,8.90057e+06,9.03223e+06,9.14873e+06,9.24813e+06,9.32811e+06,9.38587e+06,9.41803e+06,9.42056e+06,9.38859e+06,9.31623e+06,9.19637e+06,9.0204e+06,8.77785e+06,8.45598e+06,8.03917e+06,7.50826e+06,6.83962e+06,6.00394e+06,4.96466e+06,3.67587e+06,2.07948e+06,101325,
101325,798929,1.39837e+06,1.92043e+06,2.38178e+06,2.79561e+06,3.17225e+06,3.5197e+06,3.8441e+06,4.15013e+06,4.44131e+06,4.72029e+06,4.989e+06,5.24886e+06,5.50087e+06,5.74571e+06,5.98382e+06,6.21545e+06,6.44068e+06,6.65947e+06,6.8717e+06,7.07711e+06,7.27538e+06,7.46607e+06,7.64865e+06,7.82247e+06,7.98676e+06,8.14058e+06,8.28282e+06,8.41215e+06,8.52699e+06,8.62545e+06,8.70528e+06,8.76377e+06,8.79769e+06,8.80318e+06,8.77559e+06,8.70933e+06,8.59769e+06,8.43256e+06,8.20412e+06,7.90048e+06,7.50716e+06,7.0065e+06,6.37686e+06,5.59161e+06,4.61782e+06,3.41455e+06,1.93058e+06,101325,
101325,731408,1.26513e+06,1.7253e+06,2.12963e+06,2.4917e+06,2.82182e+06,3.12776e+06,3.41528e+06,3.68864e+06,3.95092e+06,4.20435e+06,4.45046e+06,4.69031e+06,4.92458e+06,5.15366e+06,5.37775e+06,5.59687e+06,5.81094e+06,6.01976e+06,6.22306e+06,6.4205e+06,6.61164e+06,6.79599e+06,6.97295e+06,7.14184e+06,7.30186e+06,7.45207e+06,7.59134e+06,7.71839e+06,7.83166e+06,7.92933e+06,8.00922e+06,8.06876e+06,8.10485e+06,8.11384e+06,8.09133e+06,8.03208e+06,7.9298e+06,7.77693e+06,7.56441e+06,7.28129e+06,6.91436e+06,6.4476e+06,5.8616e+06,5.13268e+06,4.23195e+06,3.12394e+06,1.76505e+06,101325,
101325,647483,1.10265e+06,1.49101e+06,1.83073e+06,2.13528e+06,2.41455e+06,2.67573e+06,2.92397e+06,3.16287e+06,3.39495e+06,3.62186e+06,3.84466e+06,4.06398e+06,4.28013e+06,4.49316e+06,4.70301e+06,4.90947e+06,5.11225e+06,5.311e+06,5.50529e+06,5.69468e+06,5.87864e+06,6.05661e+06,6.22793e+06,6.39189e+06,6.54765e+06,6.69428e+06,6.83067e+06,6.95555e+06,7.06742e+06,7.16453e+06,7.24479e+06,7.30576e+06,7.34453e+06,7.35765e+06,7.34103e+06,7.28978e+06,7.1981e+06,7.05906e+06,6.86437e+06,6.60415e+06,6.26653e+06,5.83732e+06,5.29948e+06,4.63254e+06,3.81192e+06,2.80804e+06,1.58538e+06,101325,
101325,546673,910527,1.21756e+06,1.48563e+06,1.72751e+06,1.95221e+06,2.16597e+06,2.37303e+06,2.57617e+06,2.77713e+06,2.97693e+06,3.17603e+06,3.37458e+06,3.57246e+06,3.76938e+06,3.96496e+06,4.15876e+06,4.35026e+06,4.53895e+06,4.72426e+06,4.90564e+06,5.08246e+06,5.25408e+06,5.41982e+06,5.57891e+06,5.73051e+06,5.87368e+06,6.00734e+06,6.13024e+06,6.24095e+06,6.3378e+06,6.41881e+06,6.4817e+06,6.52373e+06,6.54172e+06,6.53188e+06,6.48973e+06,6.40999e+06,6.28639e+06,6.11152e+06,5.87659e+06,5.57122e+06,5.18311e+06,4.69775e+06,4.09803e+06,3.36387e+06,2.4718e+06,1.39464e+06,101325,
101325,429061,689376,906291,1.09648e+06,1.27134e+06,1.43846e+06,1.60279e+06,1.76737e+06,1.93394e+06,2.10333e+06,2.27578e+06,2.45112e+06,2.62892e+06,2.80862e+06,2.98955e+06,3.17101e+06,3.35228e+06,3.53265e+06,3.71142e+06,3.88789e+06,4.06137e+06,4.23118e+06,4.39659e+06,4.55687e+06,4.71124e+06,4.85884e+06,4.99873e+06,5.12987e+06,5.25105e+06,5.36092e+06,5.45788e+06,5.54011e+06,5.60546e+06,5.65143e+06,5.67509e+06,5.673e+06,5.64112e+06,5.57472e+06,5.46824e+06,5.31519e+06,5.10795e+06,4.83767e+06,4.49403e+06,4.06514e+06,3.53731e+06,2.89504e+06,2.12101e+06,1.19633e+06,101325,
101325,295372,440929,560018,667133,771547,878941,992549,1.11395e+06,1.24365e+06,1.38144e+06,1.52669e+06,1.67849e+06,1.83585e+06,1.99768e+06,2.16293e+06,2.33056e+06,2.49959e+06,2.6691e+06,2.83819e+06,3.00604e+06,3.17184e+06,3.33482e+06,3.49422e+06,3.64924e+06,3.79909e+06,3.9429e+06,4.07977e+06,4.20866e+06,4.32845e+06,4.43784e+06,4.53536e+06,4.61932e+06,4.68776e+06,4.73839e+06,4.76859e+06,4.77528e+06,4.75488e+06,4.70325e+06,4.61558e+06,4.48632e+06,4.30909e+06,4.07657e+06,3.7805e+06,3.41159e+06,2.9596e+06,2.41354e+06,1.76207e+06,994319,101325,
101325,147026,168088,183033,203113,234740,281142,343490,421651,514707,621289,739812,868609,1.00603e+06,1.15051e+06,1.30055e+06,1.4548e+06,1.61199e+06,1.77099e+06,1.93074e+06,2.09026e+06,2.24867e+06,2.4051e+06,2.55873e+06,2.70875e+06,2.85433e+06,2.99464e+06,3.12877e+06,3.25575e+06,3.37451e+06,3.48385e+06,3.58241e+06,3.66867e+06,3.74085e+06,3.79693e+06,3.83456e+06,3.85108e+06,3.84339e+06,3.80795e+06,3.74074e+06,3.63716e+06,3.49208e+06,3.29977e+06,3.05395e+06,2.74795e+06,2.37486e+06,1.92802e+06,1.40176e+06,792601,101325,
101325,-13868.1,-125119,-218975,-288498,-330860,-345777,-334473,-299019,-241898,-165736,-73134,33432.2,151661,279451,414905,556320,702176,851114,1.00192e+06,1.15349e+06,1.30484e+06,1.45503e+06,1.6032e+06,1.74851e+06,1.89014e+06,2.02725e+06,2.15898e+06,2.28441e+06,2.40254e+06,2.51229e+06,2.61242e+06,2.70157e+06,2.77818e+06,2.84048e+06,2.88647e+06,2.91386e+06,2.92007e+06,2.9022e+06,2.85698e+06,2.78083e+06,2.66982e+06,2.51979e+06,2.32642e+06,2.08552e+06,1.79336e+06,1.44733e+06,1.04689e+06,595156,101325,
101325,-184563,-433655,-639112,-799317,-915694,-991331,-1.03013e+06,-1.03628e+06,-1.01394e+06,-967060,-899300,-813970,-714032,-602111,-480521,-351290,-216199,-76807,65514.4,209550,354213,498522,641569,782503,920504,1.05476e+06,1.18445e+06,1.30872e+06,1.42665e+06,1.53728e+06,1.63951e+06,1.73215e+06,1.81387e+06,1.88318e+06,1.9384e+06,1.97767e+06,1.99892e+06,1.99986e+06,1.97803e+06,1.93081e+06,1.85547e+06,1.74935e+06,1.61002e+06,1.4356e+06,1.22529e+06,980089,704001,405727,101325,
101325,-361781,-751679,-1.06956e+06,-1.32001e+06,-1.50927e+06,-1.64414e+06,-1.73143e+06,-1.77756e+06,-1.78846e+06,-1.76943e+06,-1.72521e+06,-1.65995e+06,-1.57726e+06,-1.48029e+06,-1.37175e+06,-1.25399e+06,-1.12904e+06,-998635,-864302,-727361,-588972,-450170,-311887,-174982,-40262.5,91492.3,219511,343012,461181,573156,678012,774739,862234,939285,1.00456e+06,1.05662e+06,1.0939e+06,1.11476e+06,1.11749e+06,1.10041e+06,1.06195e+06,1.00086e+06,916451,808966,680194,534296,379047,227643,101325,
101325,-541862,-1.07281e+06,-1.50192e+06,-1.8407e+06,-2.1006e+06,-2.29243e+06,-2.42599e+06,-2.51005e+06,-2.55231e+06,-2.55946e+06,-2.5373e+06,-2.4908e+06,-2.42423e+06,-2.34121e+06,-2.24486e+06,-2.13782e+06,-2.02235e+06,-1.90036e+06,-1.7735e+06,-1.64319e+06,-1.51066e+06,-1.37698e+06,-1.24309e+06,-1.10987e+06,-978079,-848473,-721758,-598637,-479821,-366042,-258068,-156713,-62845.4,22609.3,98668.9,164306,218468,260118,288294,302204,301371,285839,256477,215415,166660,116978,77140.6,63674.1,101325,
101325,-720948,-1.39045e+06,-1.92764e+06,-2.35142e+06,-2.67875e+06,-2.92452e+06,-3.10164e+06,-3.22121e+06,-3.29271e+06,-3.32419e+06,-3.32247e+06,-3.29335e+06,-3.24168e+06,-3.17159e+06,-3.08654e+06,-2.98945e+06,-2.88278e+06,-2.76862e+06,-2.64872e+06,-2.52459e+06,-2.3975e+06,-2.26855e+06,-2.13871e+06,-2.00882e+06,-1.87963e+06,-1.75183e+06,-1.62607e+06,-1.50297e+06,-1.38313e+06,-1.26714e+06,-1.1556e+06,-1.04914e+06,-948387,-853973,-766540,-686707,-615034,-551975,-497793,-452448,-415429,-385527,-360503,-336637,-308102,-266096,-197663,-84077.1,101325,
101325,-895171,-1.69807e+06,-2.33835e+06,-2.84256e+06,-3.23321e+06,-3.52933e+06,-3.74689e+06,-3.89927e+06,-3.99769e+06,-4.05152e+06,-4.06857e+06,-4.05538e+06,-4.0174e+06,-3.95919e+06,-3.88454e+06,-3.79662e+06,-3.6981e+06,-3.59119e+06,-3.47775e+06,-3.35934e+06,-3.23729e+06,-3.11272e+06,-2.98658e+06,-2.8597e+06,-2.7328e+06,-2.60651e+06,-2.4814e+06,-2.358e+06,-2.2368e+06,-2.11825e+06,-2.0028e+06,-1.89084e+06,-1.78279e+06,-1.679e+06,-1.57977e+06,-1.48533e+06,-1.39576e+06,-1.31098e+06,-1.23061e+06,-1.15384e+06,-1.07929e+06,-1.00474e+06,-926798,-840455,-738480,-610608,-442477,-214222,101325,
101325,-1.06084e+06,-1.98954e+06,-2.7263e+06,-3.30526e+06,-3.75442e+06,-4.0968e+06,-4.35135e+06,-4.53366e+06,-4.65657e+06,-4.73069e+06,-4.76479e+06,-4.76608e+06,-4.74056e+06,-4.69319e+06,-4.62806e+06,-4.54858e+06,-4.45756e+06,-4.35734e+06,-4.24988e+06,-4.13678e+06,-4.0194e+06,-3.89887e+06,-3.77613e+06,-3.65198e+06,-3.52709e+06,-3.40204e+06,-3.27732e+06,-3.15337e+06,-3.03055e+06,-2.90918e+06,-2.78953e+06,-2.67182e+06,-2.5562e+06,-2.44278e+06,-2.33152e+06,-2.22229e+06,-2.11473e+06,-2.00825e+06,-1.90189e+06,-1.79419e+06,-1.683e+06,-1.56525e+06,-1.43664e+06,-1.29116e+06,-1.1206e+06,-913765,-655619,-326085,101325,
101325,-1.21463e+06,-2.25935e+06,-3.08459e+06,-3.73172e+06,-4.23399e+06,-4.6182e+06,-4.90609e+06,-5.1153e+06,-5.2602e+06,-5.35256e+06,-5.40196e+06,-5.41631e+06,-5.40205e+06,-5.36452e+06,-5.30806e+06,-5.2363e+06,-5.15217e+06,-5.05814e+06,-4.95621e+06,-4.84803e+06,-4.73499e+06,-4.61819e+06,-4.49858e+06,-4.37691e+06,-4.25382e+06,-4.1298e+06,-4.00528e+06,-3.88059e+06,-3.75597e+06,-3.63161e+06,-3.50761e+06,-3.384e+06,-3.26072e+06,-3.13759e+06,-3.0143e+06,-2.89035e+06,-2.765e+06,-2.6372e+06,-2.50548e+06,-2.36781e+06,-2.22142e+06,-2.06257e+06,-1.88625e+06,-1.68577e+06,-1.45231e+06,-1.17427e+06,-836553,-419649,101325,
101325,-1.35366e+06,-2.50284e+06,-3.40741e+06,-4.11546e+06,-4.66501e+06,-5.08638e+06,-5.40381e+06,-5.63683e+06,-5.80122e+06,-5.90974e+06,-5.97277e+06,-5.99877e+06,-5.99462e+06,-5.96595e+06,-5.91738e+06,-5.85265e+06,-5.77487e+06,-5.68654e+06,-5.58973e+06,-5.48614e+06,-5.37713e+06,-5.26383e+06,-5.14712e+06,-5.02775e+06,-4.90628e+06,-4.78316e+06,-4.65872e+06,-4.53318e+06,-4.40669e+06,-4.27928e+06,-4.15091e+06,-4.02141e+06,-3.89052e+06,-3.75782e+06,-3.62271e+06,-3.48439e+06,-3.34176e+06,-3.19338e+06,-3.03734e+06,-2.87115e+06,-2.69153e+06,-2.49425e+06,-2.27381e+06,-2.02313e+06,-1.73312e+06,-1.39222e+06,-985774,-495468,101325,
101325,-1.47564e+06,-2.7163e+06,-3.69023e+06,-4.45141e+06,-5.04215e+06,-5.49582e+06,-5.83895e+06,-6.0927e+06,-6.27408e+06,-6.39674e+06,-6.47176e+06,-6.50806e+06,-6.51291e+06,-6.49221e+06,-6.45076e+06,-6.39246e+06,-6.32049e+06,-6.23744e+06,-6.14541e+06,-6.04611e+06,-5.94089e+06,-5.83087e+06,-5.71692e+06,-5.59971e+06,-5.47977e+06,-5.35747e+06,-5.23306e+06,-5.10667e+06,-4.97832e+06,-4.84793e+06,-4.7153e+06,-4.58009e+06,-4.44183e+06,-4.2999e+06,-4.15344e+06,-4.00136e+06,-3.84228e+06,-3.67441e+06,-3.49548e+06,-3.30264e+06,-3.09224e+06,-2.85972e+06,-2.59929e+06,-2.30372e+06,-1.96398e+06,-1.56888e+06,-1.10464e+06,-554555,101325,
101325,-1.57888e+06,-2.89705e+06,-3.92975e+06,-4.73597e+06,-5.36163e+06,-5.84272e+06,-6.20769e+06,-6.47912e+06,-6.67503e+06,-6.80989e+06,-6.8953e+06,-6.94062e+06,-6.95344e+06,-6.93985e+06,-6.90483e+06,-6.85239e+06,-6.78578e+06,-6.70764e+06,-6.62008e+06,-6.52481e+06,-6.4232e+06,-6.31632e+06,-6.20501e+06,-6.0899e+06,-5.97146e+06,-5.84999e+06,-5.72565e+06,-5.59849e+06,-5.46843e+06,-5.33525e+06,-5.1986e+06,-5.05801e+06,-4.91282e+06,-4.7622e+06,-4.60508e+06,-4.44014e+06,-4.26573e+06,-4.07979e+06,-3.87978e+06,-3.66256e+06,-3.42426e+06,-3.1601e+06,-2.86422e+06,-2.52945e+06,-2.14705e+06,-1.70649e+06,-1.19516e+06,-598256,101325,
101325,-1.66231e+06,-3.0434e+06,-4.12397e+06,-4.96698e+06,-5.62124e+06,-6.12487e+06,-6.50786e+06,-6.79396e+06,-7.00205e+06,-7.1472e+06,-7.24149e+06,-7.29463e+06,-7.31442e+06,-7.30717e+06,-7.27795e+06,-7.23085e+06,-7.16919e+06,-7.09562e+06,-7.01227e+06,-6.92085e+06,-6.8227e+06,-6.71887e+06,-6.61016e+06,-6.49715e+06,-6.38025e+06,-6.25969e+06,-6.13557e+06,-6.00783e+06,-5.87629e+06,-5.74063e+06,-5.60037e+06,-5.45489e+06,-5.30338e+06,-5.14482e+06,-4.97798e+06,-4.80132e+06,-4.61298e+06,-4.41069e+06,-4.19171e+06,-3.95273e+06,-3.68973e+06,-3.39789e+06,-3.07139e+06,-2.7033e+06,-2.2854e+06,-1.80799e+06,-1.25983e+06,-628134,101325,
101325,-1.72545e+06,-3.15462e+06,-4.27205e+06,-5.14359e+06,-5.82016e+06,-6.3415e+06,-6.73878e+06,-7.03663e+06,-7.25459e+06,-7.40822e+06,-7.50995e+06,-7.56976e+06,-7.59562e+06,-7.59396e+06,-7.56995e+06,-7.52774e+06,-7.47066e+06,-7.40139e+06,-7.32206e+06,-7.23434e+06,-7.13957e+06,-7.03875e+06,-6.93265e+06,-6.8218e+06,-6.70655e+06,-6.58707e+06,-6.46338e+06,-6.33535e+06,-6.20269e+06,-6.06499e+06,-5.92166e+06,-5.77194e+06,-5.61488e+06,-5.44934e+06,-5.27391e+06,-5.08689e+06,-4.88627e+06,-4.66963e+06,-4.43409e+06,-4.17624e+06,-3.89202e+06,-3.57666e+06,-3.22454e+06,-2.8291e+06,-2.38274e+06,-1.87677e+06,-1.3014e+06,-645854,101325,
101325,-1.76834e+06,-3.23082e+06,-4.3742e+06,-5.2661e+06,-5.95881e+06,-6.49313e+06,-6.90105e+06,-7.20782e+06,-7.43343e+06,-7.5938e+06,-7.70161e+06,-7.76699e+06,-7.79805e+06,-7.80132e+06,-7.78199e+06,-7.74426e+06,-7.69145e+06,-7.62625e+06,-7.55077e+06,-7.46667e+06,-7.37524e+06,-7.27745e+06,-7.17403e+06,-7.06547e+06,-6.95205e+06,-6.83388e+06,-6.71093e+06,-6.58298e+06,-6.44967e+06,-6.31048e+06,-6.16473e+06,-6.01156e+06,-5.84991e+06,-5.6785e+06,-5.4958e+06,-5.30001e+06,-5.08898e+06,-4.8602e+06,-4.61071e+06,-4.33708e+06,-4.0353e+06,-3.70074e+06,-3.32805e+06,-2.91116e+06,-2.44319e+06,-1.91649e+06,-1.32273e+06,-653093,101325,
101325,-1.79148e+06,-3.27285e+06,-4.43154e+06,-5.33582e+06,-6.03864e+06,-6.58134e+06,-6.99636e+06,-7.30931e+06,-7.54044e+06,-7.70588e+06,-7.81844e+06,-7.88837e+06,-7.92384e+06,-7.93139e+06,-7.91626e+06,-7.88263e+06,-7.83384e+06,-7.77252e+06,-7.70077e+06,-7.62023e+06,-7.53215e+06,-7.43747e+06,-7.33685e+06,-7.23075e+06,-7.11941e+06,-7.00288e+06,-6.88104e+06,-6.75364e+06,-6.62023e+06,-6.48021e+06,-6.33283e+06,-6.17713e+06,-6.01196e+06,-5.83595e+06,-5.64748e+06,-5.44465e+06,-5.22525e+06,-4.98671e+06,-4.72607e+06,-4.4399e+06,-4.12433e+06,-3.77492e+06,-3.38668e+06,-2.95407e+06,-2.47097e+06,-1.9308e+06,-1.32663e+06,-651469,101325,
101325,-1.79574e+06,-3.28217e+06,-4.44589e+06,-5.35486e+06,-6.06196e+06,-6.60859e+06,-7.02728e+06,-7.34374e+06,-7.57833e+06,-7.74722e+06,-7.86328e+06,-7.93677e+06,-7.97588e+06,-7.98713e+06,-7.97576e+06,-7.9459e+06,-7.90088e+06,-7.84329e+06,-7.77521e+06,-7.69822e+06,-7.61354e+06,-7.52207e+06,-7.42444e+06,-7.32104e+06,-7.21207e+06,-7.09754e+06,-6.97728e+06,-6.85096e+06,-6.71808e+06,-6.578e+06,-6.42986e+06,-6.27266e+06,-6.10517e+06,-5.92596e+06,-5.73334e+06,-5.52535e+06,-5.29976e+06,-5.05397e+06,-4.78506e+06,-4.48969e+06,-4.16412e+06,-3.80419e+06,-3.40529e+06,-2.96244e+06,-2.47028e+06,-1.92327e+06,-1.31579e+06,-642486,101325,
101325,-1.7823e+06,-3.26068e+06,-4.41965e+06,-5.32594e+06,-6.03171e+06,-6.57796e+06,-6.997e+06,-7.3144e+06,-7.55043e+06,-7.72122e+06,-7.83956e+06,-7.91567e+06,-7.95769e+06,-7.9721e+06,-7.96406e+06,-7.93768e+06,-7.89622e+06,-7.84226e+06,-7.77779e+06,-7.70437e+06,-7.62318e+06,-7.53508e+06,-7.44064e+06,-7.34022e+06,-7.23398e+06,-7.12188e+06,-7.0037e+06,-6.87906e+06,-6.74744e+06,-6.60811e+06,-6.46019e+06,-6.30261e+06,-6.13409e+06,-5.95317e+06,-5.75812e+06,-5.54695e+06,-5.31743e+06,-5.06699e+06,-4.79276e+06,-4.49152e+06,-4.15973e+06,-3.79351e+06,-3.38865e+06,-2.94073e+06,-2.44513e+06,-1.89726e+06,-1.29269e+06,-627504,101325,
101325,-1.75252e+06,-3.21065e+06,-4.35566e+06,-5.25224e+06,-5.9513e+06,-6.49301e+06,-6.90917e+06,-7.22501e+06,-7.46054e+06,-7.6317e+06,-7.75115e+06,-7.82897e+06,-7.8732e+06,-7.89022e+06,-7.88513e+06,-7.86196e+06,-7.82389e+06,-7.77345e+06,-7.71258e+06,-7.64279e+06,-7.56521e+06,-7.48065e+06,-7.38965e+06,-7.29254e+06,-7.18941e+06,-7.08021e+06,-6.96467e+06,-6.84238e+06,-6.71277e+06,-6.57509e+06,-6.42841e+06,-6.27163e+06,-6.10346e+06,-5.92239e+06,-5.72669e+06,-5.51439e+06,-5.28326e+06,-5.03079e+06,-4.7542e+06,-4.45042e+06,-4.1161e+06,-3.74766e+06,-3.34131e+06,-2.89313e+06,-2.39921e+06,-1.8558e+06,-1.25954e+06,-607716,101325,
101325,-1.70793e+06,-3.13456e+06,-4.257e+06,-5.13724e+06,-5.82443e+06,-6.35759e+06,-6.76775e+06,-7.07958e+06,-7.3127e+06,-7.48274e+06,-7.60214e+06,-7.68078e+06,-7.72654e+06,-7.74568e+06,-7.74317e+06,-7.72294e+06,-7.68811e+06,-7.64112e+06,-7.58386e+06,-7.51777e+06,-7.44394e+06,-7.36313e+06,-7.27585e+06,-7.18238e+06,-7.0828e+06,-6.97699e+06,-6.86469e+06,-6.74545e+06,-6.61865e+06,-6.48355e+06,-6.33918e+06,-6.18444e+06,-6.01802e+06,-5.83841e+06,-5.6439e+06,-5.43252e+06,-5.20211e+06,-4.95024e+06,-4.67422e+06,-4.37114e+06,-4.03787e+06,-3.67112e+06,-3.26746e+06,-2.82347e+06,-2.33585e+06,-1.80162e+06,-1.21827e+06,-584151,101325,
101325,-1.65013e+06,-3.03503e+06,-4.12692e+06,-4.98457e+06,-5.65498e+06,-6.17573e+06,-6.57683e+06,-6.88225e+06,-7.11109e+06,-7.27855e+06,-7.39676e+06,-7.47535e+06,-7.52197e+06,-7.54273e+06,-7.54244e+06,-7.52492e+06,-7.49319e+06,-7.44959e+06,-7.39595e+06,-7.33365e+06,-7.26373e+06,-7.1869e+06,-7.10363e+06,-7.01417e+06,-6.91857e+06,-6.81669e+06,-6.70824e+06,-6.59276e+06,-6.46962e+06,-6.33805e+06,-6.1971e+06,-6.04565e+06,-5.8824e+06,-5.70587e+06,-5.51437e+06,-5.30599e+06,-5.07862e+06,-4.82991e+06,-4.55732e+06,-4.25809e+06,-3.92931e+06,-3.56792e+06,-3.17087e+06,-2.73515e+06,-2.258e+06,-1.73705e+06,-1.17056e+06,-557672,101325,
101325,-1.58076e+06,-2.91474e+06,-3.96875e+06,-4.79794e+06,-5.44687e+06,-5.95145e+06,-6.34052e+06,-6.63718e+06,-6.85988e+06,-7.02332e+06,-7.13922e+06,-7.21688e+06,-7.26372e+06,-7.28561e+06,-7.28719e+06,-7.27215e+06,-7.24338e+06,-7.20312e+06,-7.15314e+06,-7.09473e+06,-7.02888e+06,-6.95626e+06,-6.87731e+06,-6.79224e+06,-6.70108e+06,-6.60367e+06,-6.4997e+06,-6.38871e+06,-6.27006e+06,-6.14299e+06,-6.00655e+06,-5.85964e+06,-5.701e+06,-5.52915e+06,-5.34248e+06,-5.13912e+06,-4.91705e+06,-4.67404e+06,-4.40764e+06,-4.11528e+06,-3.79422e+06,-3.44167e+06,-3.05486e+06,-2.63115e+06,-2.16818e+06,-1.66411e+06,-1.11778e+06,-528991,101325,
101325,-1.50145e+06,-2.77636e+06,-3.78579e+06,-4.58102e+06,-5.20397e+06,-5.68875e+06,-6.06287e+06,-6.34845e+06,-6.56317e+06,-6.72115e+06,-6.83362e+06,-6.90951e+06,-6.95591e+06,-6.97844e+06,-6.98156e+06,-6.96877e+06,-6.94282e+06,-6.90587e+06,-6.85957e+06,-6.80516e+06,-6.74356e+06,-6.67539e+06,-6.60107e+06,-6.52077e+06,-6.43449e+06,-6.34209e+06,-6.24323e+06,-6.13745e+06,-6.02413e+06,-5.90251e+06,-5.77168e+06,-5.63055e+06,-5.4779e+06,-5.31232e+06,-5.13223e+06,-4.93588e+06,-4.7213e+06,-4.48639e+06,-4.22883e+06,-3.94621e+06,-3.63596e+06,-3.2955e+06,-2.92229e+06,-2.51397e+06,-2.06852e+06,-1.58447e+06,-1.0611e+06,-498686,101325,
101325,-1.41382e+06,-2.62254e+06,-3.58129e+06,-4.33737e+06,-4.93003e+06,-5.39145e+06,-5.74775e+06,-6.01995e+06,-6.22488e+06,-6.37597e+06,-6.48391e+06,-6.55716e+06,-6.60248e+06,-6.62519e+06,-6.6295e+06,-6.61873e+06,-6.59549e+06,-6.5618e+06,-6.51921e+06,-6.4689e+06,-6.41172e+06,-6.34825e+06,-6.27885e+06,-6.20369e+06,-6.12276e+06,-6.03589e+06,-5.94275e+06,-5.8429e+06,-5.73572e+06,-5.62049e+06,-5.49631e+06,-5.36216e+06,-5.21686e+06,-5.05906e+06,-4.88726e+06,-4.69979e+06,-4.4948e+06,-4.27029e+06,-4.02409e+06,-3.75391e+06,-3.45736e+06,-3.13202e+06,-2.77553e+06,-2.38572e+06,-1.96078e+06,-1.49949e+06,-1.00143e+06,-467221,101325,
101325,-1.31948e+06,-2.45589e+06,-3.35841e+06,-4.07045e+06,-4.62862e+06,-5.0632e+06,-5.39883e+06,-5.65538e+06,-5.84871e+06,-5.9915e+06,-6.0938e+06,-6.16358e+06,-6.20717e+06,-6.22958e+06,-6.23474e+06,-6.22577e+06,-6.20511e+06,-6.17464e+06,-6.1358e+06,-6.08969e+06,-6.03709e+06,-5.97854e+06,-5.91436e+06,-5.84471e+06,-5.76955e+06,-5.68872e+06,-5.6019e+06,-5.50865e+06,-5.4084e+06,-5.30044e+06,-5.18394e+06,-5.05791e+06,-4.92124e+06,-4.77266e+06,-4.61076e+06,-4.43397e+06,-4.24055e+06,-4.02861e+06,-3.79613e+06,-3.54094e+06,-3.2608e+06,-2.95341e+06,-2.61653e+06,-2.24809e+06,-1.84639e+06,-1.41029e+06,-939538,-434968,101325,
101325,-1.22005e+06,-2.27898e+06,-3.12018e+06,-3.78348e+06,-4.30305e+06,-4.70735e+06,-5.01951e+06,-5.25814e+06,-5.4381e+06,-5.57119e+06,-5.66676e+06,-5.73223e+06,-5.77346e+06,-5.7951e+06,-5.80079e+06,-5.7934e+06,-5.77518e+06,-5.74788e+06,-5.71281e+06,-5.67099e+06,-5.62313e+06,-5.56971e+06,-5.51104e+06,-5.44723e+06,-5.37826e+06,-5.30395e+06,-5.22401e+06,-5.13801e+06,-5.04543e+06,-4.94558e+06,-4.8377e+06,-4.72086e+06,-4.59403e+06,-4.45603e+06,-4.30554e+06,-4.14109e+06,-3.96108e+06,-3.76375e+06,-3.54719e+06,-3.30937e+06,-3.04817e+06,-2.76137e+06,-2.44681e+06,-2.10242e+06,-1.72647e+06,-1.31777e+06,-876049,-402240,101325,
101325,-1.11727e+06,-2.09443e+06,-2.86956e+06,-3.4795e+06,-3.95639e+06,-4.32696e+06,-4.61285e+06,-4.83135e+06,-4.99617e+06,-5.11819e+06,-5.20597e+06,-5.26631e+06,-5.30457e+06,-5.32498e+06,-5.33086e+06,-5.32483e+06,-5.30893e+06,-5.28474e+06,-5.25347e+06,-5.21601e+06,-5.17303e+06,-5.12495e+06,-5.07204e+06,-5.01439e+06,-4.95198e+06,-4.88464e+06,-4.8121e+06,-4.73396e+06,-4.64972e+06,-4.55877e+06,-4.46038e+06,-4.35373e+06,-4.23786e+06,-4.11168e+06,-3.97398e+06,-3.82342e+06,-3.65852e+06,-3.47765e+06,-3.27905e+06,-3.06082e+06,-2.82091e+06,-2.55719e+06,-2.2675e+06,-1.9497e+06,-1.60188e+06,-1.22265e+06,-811506,-369324,101325,
101325,-1.01314e+06,-1.90503e+06,-2.60941e+06,-3.16129e+06,-3.59134e+06,-3.92474e+06,-4.18159e+06,-4.37777e+06,-4.52575e+06,-4.63535e+06,-4.71432e+06,-4.76874e+06,-4.80343e+06,-4.82216e+06,-4.82791e+06,-4.82302e+06,-4.80931e+06,-4.78818e+06,-4.76071e+06,-4.7277e+06,-4.68972e+06,-4.64715e+06,-4.60023e+06,-4.54904e+06,-4.49354e+06,-4.43358e+06,-4.3689e+06,-4.29915e+06,-4.22388e+06,-4.14253e+06,-4.05445e+06,-3.95889e+06,-3.85497e+06,-3.74174e+06,-3.61809e+06,-3.48282e+06,-3.33458e+06,-3.17188e+06,-2.99311e+06,-2.79648e+06,-2.58005e+06,-2.34176e+06,-2.07937e+06,-1.79062e+06,-1.47329e+06,-1.12556e+06,-746437,-336535,101325,
101325,-910289,-1.71386e+06,-2.34253e+06,-2.83133e+06,-3.21022e+06,-3.50298e+06,-3.72807e+06,-3.8998e+06,-4.02929e+06,-4.12522e+06,-4.19439e+06,-4.24215e+06,-4.27269e+06,-4.28932e+06,-4.29464e+06,-4.29069e+06,-4.27903e+06,-4.26091e+06,-4.23724e+06,-4.20872e+06,-4.17585e+06,-4.13896e+06,-4.09823e+06,-4.05375e+06,-4.00546e+06,-3.95324e+06,-3.89686e+06,-3.83599e+06,-3.77024e+06,-3.69911e+06,-3.62204e+06,-3.53836e+06,-3.44731e+06,-3.34803e+06,-3.23955e+06,-3.12081e+06,-2.9906e+06,-2.8476e+06,-2.69034e+06,-2.51716e+06,-2.32625e+06,-2.11557e+06,-1.88285e+06,-1.62559e+06,-1.34117e+06,-1.02706e+06,-681446,-304297,101325,
101325,-812738,-1.52464e+06,-2.0716e+06,-2.49168e+06,-2.81489e+06,-3.06352e+06,-3.2542e+06,-3.39947e+06,-3.50892e+06,-3.58999e+06,-3.64846e+06,-3.68885e+06,-3.71473e+06,-3.72888e+06,-3.73348e+06,-3.73026e+06,-3.72054e+06,-3.70535e+06,-3.68548e+06,-3.6615e+06,-3.63383e+06,-3.60274e+06,-3.56839e+06,-3.53084e+06,-3.49003e+06,-3.44587e+06,-3.39813e+06,-3.34657e+06,-3.29081e+06,-3.23046e+06,-3.16502e+06,-3.09391e+06,-3.0165e+06,-2.93203e+06,-2.8397e+06,-2.73857e+06,-2.6276e+06,-2.50564e+06,-2.37138e+06,-2.22332e+06,-2.05979e+06,-1.87879e+06,-1.67802e+06,-1.45474e+06,-1.20579e+06,-927712,-617333,-273291,101325,
101325,-727523,-1.34193e+06,-1.79903e+06,-2.14383e+06,-2.40657e+06,-2.60766e+06,-2.76144e+06,-2.87839e+06,-2.96641e+06,-3.03156e+06,-3.07851e+06,-3.11092e+06,-3.13166e+06,-3.14297e+06,-3.1466e+06,-3.14393e+06,-3.13604e+06,-3.12373e+06,-3.10765e+06,-3.08824e+06,-3.06584e+06,-3.04067e+06,-3.01284e+06,-2.98239e+06,-2.94929e+06,-2.91344e+06,-2.87467e+06,-2.83275e+06,-2.7874e+06,-2.73828e+06,-2.68497e+06,-2.62702e+06,-2.56389e+06,-2.49498e+06,-2.41961e+06,-2.337e+06,-2.2463e+06,-2.14652e+06,-2.03655e+06,-1.91509e+06,-1.7806e+06,-1.63121e+06,-1.46462e+06,-1.27789e+06,-1.06728e+06,-828137,-555272,-244732,101325,
101325,-668513,-1.1711e+06,-1.52649e+06,-1.78833e+06,-1.9858e+06,-2.13614e+06,-2.25077e+06,-2.33779e+06,-2.40318e+06,-2.45149e+06,-2.48623e+06,-2.51013e+06,-2.52533e+06,-2.5335e+06,-2.53594e+06,-2.53368e+06,-2.52751e+06,-2.51803e+06,-2.50572e+06,-2.4909e+06,-2.47383e+06,-2.45466e+06,-2.43346e+06,-2.41027e+06,-2.38506e+06,-2.35773e+06,-2.32817e+06,-2.29618e+06,-2.26155e+06,-2.22402e+06,-2.18328e+06,-2.13895e+06,-2.09063e+06,-2.03786e+06,-1.9801e+06,-1.91676e+06,-1.84716e+06,-1.77051e+06,-1.68592e+06,-1.59229e+06,-1.48832e+06,-1.3723e+06,-1.24204e+06,-1.09451e+06,-925466,-728971,-497041,-220943,101325,
101325,-665528,-1.01658e+06,-1.25384e+06,-1.42446e+06,-1.55217e+06,-1.64903e+06,-1.7227e+06,-1.77848e+06,-1.82028e+06,-1.85104e+06,-1.87303e+06,-1.88801e+06,-1.89736e+06,-1.90215e+06,-1.90323e+06,-1.90125e+06,-1.89672e+06,-1.89003e+06,-1.88148e+06,-1.87127e+06,-1.85956e+06,-1.84645e+06,-1.83198e+06,-1.81616e+06,-1.79896e+06,-1.78032e+06,-1.76014e+06,-1.7383e+06,-1.71465e+06,-1.68898e+06,-1.6611e+06,-1.63075e+06,-1.59764e+06,-1.56145e+06,-1.52181e+06,-1.4783e+06,-1.43044e+06,-1.37766e+06,-1.3193e+06,-1.25453e+06,-1.18229e+06,-1.1012e+06,-1.00927e+06,-903612,-779780,-630737,-445266,-206603,101325,
101325,-787098,-873830,-977581,-1.04968e+06,-1.10433e+06,-1.14579e+06,-1.17724e+06,-1.20091e+06,-1.21847e+06,-1.23119e+06,-1.24006e+06,-1.24584e+06,-1.24912e+06,-1.25038e+06,-1.24998e+06,-1.2482e+06,-1.24526e+06,-1.24133e+06,-1.23652e+06,-1.23094e+06,-1.22462e+06,-1.21762e+06,-1.20993e+06,-1.20155e+06,-1.19246e+06,-1.18261e+06,-1.17195e+06,-1.1604e+06,-1.14787e+06,-1.13427e+06,-1.11946e+06,-1.10332e+06,-1.08569e+06,-1.06639e+06,-1.04521e+06,-1.02192e+06,-996238,-967843,-936324,-901155,-861623,-816710,-764877,-703666,-628946,-533406,-403378,-211601,101325,
-100,-100,-100,-100,-100,-100,-100,-100,-100,-100,-100,-100,-100,-100,-100,-100,-100,-100,-100,-100,-100,-100,-100,-100,-100,-100,-100,-100,-100,-100,-100,-100,-100,-100,-100,-100,-100,-100,-100,-100,-100,-100,-100,-100,-100,-100,-100,-100,-100,-100,
-100,-100,-100,-100,-100,-100,-100,-100,-100,-100,-100,-100,-100,-100,-100,-100,-100,-100,-100,-100,-100,-100,-100,-100,-100,-100,-100,-100,-100,-100,-100,-100,-100,-100,-100,-100,-100,-100,-100,-100,-100,-100,-100,-100,-100,-100,-100,-100,-100,-100,
101325,246781,314623,348189,365515,374765,379849,382717,384375,385357,385952,386320,386553,386704,386802,386868,386913,386944,386965,386980,386990,386998,387003,387007,387009,387011,387012,387012,387012,387012,387011,387010,387007,387004,386999,386992,386982,386967,386943,386906,386846,386746,386574,386267,385699,384599,382397,376530,377958,101325,
101325,184117,237064,267476,284667,294459,300122,303458,305462,306690,307458,307948,308266,308476,308617,308713,308779,308824,308857,308879,308895,308907,308915,308920,308924,308927,308928,308928,308928,308926,308924,308920,308915,308907,308895,308879,308854,308817,308760,308669,308520,308268,307829,307038,305556,302643,296540,282375,246414,101325,
101325,144741,180667,204686,219688,228866,234475,237931,240086,241451,242329,242904,243285,243542,243717,243838,243922,243981,244022,244052,244073,244088,244099,244106,244111,244114,244116,244116,244115,244113,244109,244103,244095,244083,244066,244041,244004,243949,243865,243731,243514,243150,242522,241404,239351,235433,227635,211366,176382,101325,
101325,119128,140168,156935,168663,176445,181505,184781,186911,188308,189233,189854,190276,190565,190765,190905,191003,191073,191122,191158,191183,191201,191214,191222,191228,191232,191234,191234,191233,191230,191225,191217,191207,191191,191170,191139,191093,191026,190924,190764,190508,190087,189375,188139,185942,181945,174548,160844,136608,101325,
101325,102288,111564,121531,129666,135644,139834,142711,144672,146009,146925,147557,147995,148302,148518,148670,148779,148856,148912,148951,148980,149000,149015,149025,149031,149035,149037,149038,149036,149032,149026,149018,149005,148988,148963,148928,148878,148804,148695,148527,148265,147845,147157,146007,144054,140716,135066,125923,112966,101325,
101325,91393.8,91937.4,96164.2,100895,104969,108134,110477,112170,113378,114238,114849,115283,115593,115815,115974,116088,116171,116230,116272,116303,116325,116341,116352,116359,116363,116366,116366,116364,116360,116353,116344,116330,116312,116286,116249,116197,116124,116017,115859,115621,115254,114680,113773,112334,110088,106753,102402,98636.5,101325,
101325,84721.9,79167.3,78916.9,80724.9,83018.1,85145.7,86901.6,88270.4,89305.1,90073.7,90638.9,91052.1,91353.3,91572.4,91731.6,91847.2,91931.1,91992,92036.1,92067.9,92090.8,92107.1,92118.4,92126,92130.7,92133,92133.1,92131.1,92126.9,92120.2,92110.4,92096.6,92077.5,92051.4,92015.5,91966.2,91897.9,91802.3,91667.4,91474.9,91197.9,90798,90225.4,89431.3,88417.5,87392.7,87177.7,90089.2,101325,
101325,81145.4,71686.9,68220.4,67727.9,68506.4,69686.8,70870.5,71901.8,72741,73397.9,73900.2,74278.5,74560.6,74769.4,74923.2,75036.2,75118.9,75179.2,75223.2,75255,75278,75294.3,75305.8,75313.4,75318.2,75320.4,75320.5,75318.6,75314.4,75307.7,75298,75284.5,75266,75241.2,75207.8,75163.3,75104.1,75025.7,74922.5,74788.6,74619.5,74417.1,74204.3,74058.9,74193.6,75130.7,78049.4,85361.2,101325,
101325,79885.3,68313.7,62790.6,60660.4,60266.9,60661.1,61338.4,62052.2,62695.4,63232.6,63662.1,63996.1,64251.2,64443.4,64587.1,64693.7,64772.3,64830.1,64872.4,64903.1,64925.3,64941.2,64952.3,64959.8,64964.4,64966.6,64966.8,64964.9,64960.9,64954.5,64945.3,64932.6,64915.5,64892.9,64863.4,64825.4,64777.6,64718.9,64650.5,64577.9,64516.3,64502.4,64616.6,65028.7,66085.1,68468.9,73461,83282.9,101325,
101325,80375.5,68133.3,61570.4,58443.1,57248.3,57055.6,57325.9,57766.5,58230,58650,59003.4,59287.8,59510.4,59681.3,59810.7,59907.7,59979.8,60033.1,60072.3,60100.9,60121.6,60136.5,60146.9,60153.9,60158.2,60160.3,60160.5,60158.7,60155.1,60149.2,60140.8,60129.4,60114.2,60094.5,60069.6,60038.9,60002.9,59963.9,59928.2,59910.2,59940.7,60080.5,60447.9,61265.9,62944.5,66211.1,72293.5,83110.5,101325,
101325,82188.6,70421.2,63679,60136.5,58503.5,57936,57915.7,58142.8,58454,58767.4,59046.5,59279.4,59466.2,59612.2,59724.1,59808.7,59872.2,59919.3,59954.1,59979.6,59998.1,60011.4,60020.7,60027,60030.9,60032.8,60033,60031.5,60028.2,60023.1,60015.8,60006,59993,59976.7,59956.6,59933.2,59908.2,59886.1,59876.8,59900.6,59996.6,60238.7,60761.9,61806.7,63788.5,67397.5,73720.6,84341.4,101325,
101325,84990.2,74590.5,68373.2,64917.3,63177,62439,62247.3,62326.3,62518.6,62740.5,62950.8,63132.8,63282.2,63400.8,63492.8,63563,63615.9,63655.4,63684.7,63706.2,63721.8,63733.1,63741,63746.4,63749.7,63751.3,63751.5,63750.2,63747.6,63743.3,63737.3,63729.2,63718.8,63705.9,63690.5,63673.7,63657.9,63648.5,63657.1,63705.6,63835.3,64121.3,64695.9,65786.6,67770.1,71245.4,77110.8,86615.4,101325,
101325,88511.2,80154,75014.9,72056.3,70490,69762.6,69509.4,69503.3,69610.9,69758.1,69906.8,70039.9,70151.5,70241.3,70311.6,70365.6,70406.6,70437.3,70460.1,70476.9,70489.2,70498,70504.2,70508.4,70511,70512.3,70512.4,70511.5,70509.4,70506.2,70501.6,70495.4,70487.6,70478.1,70467.2,70455.9,70446.9,70445.4,70462.4,70518,70649.2,70922.1,71450.2,72423.8,74149.7,77100.3,81961.7,89658.7,101325,
101325,92529,86698.1,83046.4,80897.6,79726.2,79155.3,78931.7,78894.6,78947.4,79035.5,79129.8,79216.6,79290.6,79350.7,79398.2,79434.9,79462.8,79483.8,79499.4,79510.9,79519.4,79525.4,79529.7,79532.6,79534.4,79535.3,79535.4,79534.8,79533.4,79531.2,79528.1,79523.9,79518.7,79512.5,79505.5,79498.8,79494.2,79496.2,79513,79559.9,79664.6,79875.8,80276.1,81001.4,82266.9,84397.4,87854.8,93250.1,101325,
101325,96854.8,93862.6,91969,90841.1,90216.5,89904.6,89775.7,89746.8,89767.3,89808.1,89853.7,89896.5,89933.3,89963.4,89987.3,90005.9,90020,90030.7,90038.6,90044.5,90048.8,90051.9,90054,90055.5,90056.4,90056.9,90057,90056.6,90055.9,90054.8,90053.3,90051.2,90048.6,90045.5,90042.1,90039,90037.2,90039.1,90049.3,90075.8,90133.5,90248.2,90463.1,90848.9,91516.2,92630.2,94422.8,97198.1,101325,
101325,101325,101325,101325,101325,101325,101325,101325,101325,101325,101325,101325,101325,101325,101325,101325,101325,101325,101325,101325,101325,101325,101325,101325,101325,101325,101325,101325,101325,101325,101325,101325,101325,101325,101325,101325,101325,101325,101325,101325,101325,101325,101325,101325,101325,101325,101325,101325,101325,101325,
