0,0,0,0,0,0,0,0,0,0,0,0,0,0,0,0,0,0,0,0,0,0,0,0,0,0,0,0,0,0,0,0,0,0,0,0,0,0,0,0,0,0,0,0,0,0,0,0,0,0,
0.00403012,0.00403012,0.00403012,0.00403012,0.00403012,0.00403012,0.00403012,0.00403012,0.00403012,0.00403012,0.00403012,0.00403012,0.00403012,0.00403012,0.00403012,0.00403012,0.00403012,0.00403012,0.00403012,0.00403012,0.00403012,0.00403012,0.00403012,0.00403012,0.00403012,0.00403012,0.00403012,0.00403012,0.00403012,0.00403012,0.00403012,0.00403012,0.00403012,0.00403012,0.00403012,0.00403012,0.00403012,0.00403012,0.00403012,0.00403012,0.00403012,0.00403012,0.00403012,0.00403012,0.00403012,0.00403012,0.00403012,0.00403012,0.00403012,0.00403012,
0.00806025,0.00806025,0.00806025,0.00806025,0.00806025,0.00806025,0.00806025,0.00806025,0.00806025,0.00806025,0.00806025,0.00806025,0.00806025,0.00806025,0.00806025,0.00806025,0.00806025,0.00806025,0.00806025,0.00806025,0.00806025,0.00806025,0.00806025,0.00806025,0.00806025,0.00806025,0.00806025,0.00806025,0.00806025,0.00806025,0.00806025,0.00806025,0.00806025,0.00806025,0.00806025,0.00806025,0.00806025,0.00806025,0.00806025,0.00806025,0.00806025,0.00806025,0.00806025,0.00806025,0.00806025,0.00806025,0.00806025,0.00806025,0.00806025,0.00806025,
0.0120904,0.0120904,0.0120904,0.0120904,0.0120904,0.0120904,0.0120904,0.0120904,0.0120904,0.0120904,0.0120904,0.0120904,0.0120904,0.0120904,0.0120904,0.0120904,0.0120904,0.0120904,0.0120904,0.0120904,0.0120904,0.0120904,0.0120904,0.0120904,0.0120904,0.0120904,0.0120904,0.0120904,0.0120904,0.0120904,0.0120904,0.0120904,0.0120904,0.0120904,0.0120904,0.0120904,0.0120904,0.0120904,0.0120904,0.0120904,0.0120904,0.0120904,0.0120904,0.0120904,0.0120904,0.0120904,0.0120904,0.0120904,0.0120904,0.0120904,
0.0161205,0.0161205,0.0161205,0.0161205,0.0161205,0.0161205,0.0161205,0.0161205,0.0161205,0.0161205,0.0161205,0.0161205,0.0161205,0.0161205,0.0161205,0.0161205,0.0161205,0.0161205,0.0161205,0.0161205,0.0161205,0.0161205,0.0161205,0.0161205,0.0161205,0.0161205,0.0161205,0.0161205,0.0161205,0.0161205,0.0161205,0.0161205,0.0161205,0.0161205,0.0161205,0.0161205,0.0161205,0.0161205,0.0161205,0.0161205,0.0161205,0.0161205,0.0161205,0.0161205,0.0161205,0.0161205,0.0161205,0.0161205,0.0161205,0.0161205,
0.0201506,0.0201506,0.0201506,0.0201506,0.0201506,0.0201506,0.0201506,0.0201506,0.0201506,0.0201506,0.0201506,0.0201506,0.0201506,0.0201506,0.0201506,0.0201506,0.0201506,0.0201506,0.0201506,0.0201506,0.0201506,0.0201506,0.0201506,0.0201506,0.0201506,0.0201506,0.0201506,0.0201506,0.0201506,0.0201506,0.0201506,0.0201506,0.0201506,0.0201506,0.0201506,0.0201506,0.0201506,0.0201506,0.0201506,0.0201506,0.0201506,0.0201506,0.0201506,0.0201506,0.0201506,0.0201506,0.0201506,0.0201506,0.0201506,0.0201506,
0.0241807,0.0241807,0.0241807,0.0241807,0.0241807,0.0241807,0.0241807,0.0241807,0.0241807,0.0241807,0.0241807,0.0241807,0.0241807,0.0241807,0.0241807,0.0241807,0.0241807,0.0241807,0.0241807,0.0241807,0.0241807,0.0241807,0.0241807,0.0241807,0.0241807,0.0241807,0.0241807,0.0241807,0.0241807,0.0241807,0.0241807,0.0241807,0.0241807,0.0241807,0.0241807,0.0241807,0.0241807,0.0241807,0.0241807,0.0241807,0.0241807,0.0241807,0.0241807,0.0241807,0.0241807,0.0241807,0.0241807,0.0241807,0.0241807,0.0241807,
0.0282109,0.0282109,0.0282109,0.0282109,0.0282109,0.0282109,0.0282109,0.0282109,0.0282109,0.0282109,0.0282109,0.0282109,0.0282109,0.0282109,0.0282109,0.0282109,0.0282109,0.0282109,0.0282109,0.0282109,0.0282109,0.0282109,0.0282109,0.0282109,0.0282109,0.0282109,0.0282109,0.0282109,0.0282109,0.0282109,0.0282109,0.0282109,0.0282109,0.0282109,0.0282109,0.0282109,0.0282109,0.0282109,0.0282109,0.0282109,0.0282109,0.0282109,0.0282109,0.0282109,0.0282109,0.0282109,0.0282109,0.0282109,0.0282109,0.0282109,
0.032241,0.032241,0.032241,0.032241,0.032241,0.032241,0.032241,0.032241,0.032241,0.032241,0.032241,0.032241,0.032241,0.032241,0.032241,0.032241,0.032241,0.032241,0.032241,0.032241,0.032241,0.032241,0.032241,0.032241,0.032241,0.032241,0.032241,0.032241,0.032241,0.032241,0.032241,0.032241,0.032241,0.032241,0.032241,0.032241,0.032241,0.032241,0.032241,0.032241,0.032241,0.032241,0.032241,0.032241,0.032241,0.032241,0.032241,0.032241,0.032241,0.032241,
0.0362711,0.0362711,0.0362711,0.0362711,0.0362711,0.0362711,0.0362711,0.0362711,0.0362711,0.0362711,0.0362711,0.0362711,0.0362711,0.0362711,0.0362711,0.0362711,0.0362711,0.0362711,0.0362711,0.0362711,0.0362711,0.0362711,0.0362711,0.0362711,0.0362711,0.0362711,0.0362711,0.0362711,0.0362711,0.0362711,0.0362711,0.0362711,0.0362711,0.0362711,0.0362711,0.0362711,0.0362711,0.0362711,0.0362711,0.0362711,0.0362711,0.0362711,0.0362711,0.0362711,0.0362711,0.0362711,0.0362711,0.0362711,0.0362711,0.0362711,
0.0403012,0.0403012,0.0403012,0.0403012,0.0403012,0.0403012,0.0403012,0.0403012,0.0403012,0.0403012,0.0403012,0.0403012,0.0403012,0.0403012,0.0403012,0.0403012,0.0403012,0.0403012,0.0403012,0.0403012,0.0403012,0.0403012,0.0403012,0.0403012,0.0403012,0.0403012,0.0403012,0.0403012,0.0403012,0.0403012,0.0403012,0.0403012,0.0403012,0.0403012,0.0403012,0.0403012,0.0403012,0.0403012,0.0403012,0.0403012,0.0403012,0.0403012,0.0403012,0.0403012,0.0403012,0.0403012,0.0403012,0.0403012,0.0403012,0.0403012,
0.0443314,0.0443314,0.0443314,0.0443314,0.0443314,0.0443314,0.0443314,0.0443314,0.0443314,0.0443314,0.0443314,0.0443314,0.0443314,0.0443314,0.0443314,0.0443314,0.0443314,0.0443314,0.0443314,0.0443314,0.0443314,0.0443314,0.0443314,0.0443314,0.0443314,0.0443314,0.0443314,0.0443314,0.0443314,0.0443314,0.0443314,0.0443314,0.0443314,0.0443314,0.0443314,0.0443314,0.0443314,0.0443314,0.0443314,0.0443314,0.0443314,0.0443314,0.0443314,0.0443314,0.0443314,0.0443314,0.0443314,0.0443314,0.0443314,0.0443314,
0.0483615,0.0483615,0.0483615,0.0483615,0.0483615,0.0483615,0.0483615,0.0483615,0.0483615,0.0483615,0.0483615,0.0483615,0.0483615,0.0483615,0.0483615,0.0483615,0.0483615,0.0483615,0.0483615,0.0483615,0.0483615,0.0483615,0.0483615,0.0483615,0.0483615,0.0483615,0.0483615,0.0483615,0.0483615,0.0483615,0.0483615,0.0483615,0.0483615,0.0483615,0.0483615,0.0483615,0.0483615,0.0483615,0.0483615,0.0483615,0.0483615,0.0483615,0.0483615,0.0483615,0.0483615,0.0483615,0.0483615,0.0483615,0.0483615,0.0483615,
0.0523916,0.0523916,0.0523916,0.0523916,0.0523916,0.0523916,0.0523916,0.0523916,0.0523916,0.0523916,0.0523916,0.0523916,0.0523916,0.0523916,0.0523916,0.0523916,0.0523916,0.0523916,0.0523916,0.0523916,0.0523916,0.0523916,0.0523916,0.0523916,0.0523916,0.0523916,0.0523916,0.0523916,0.0523916,0.0523916,0.0523916,0.0523916,0.0523916,0.0523916,0.0523916,0.0523916,0.0523916,0.0523916,0.0523916,0.0523916,0.0523916,0.0523916,0.0523916,0.0523916,0.0523916,0.0523916,0.0523916,0.0523916,0.0523916,0.0523916,
0.0564217,0.0564217,0.0564217,0.0564217,0.0564217,0.0564217,0.0564217,0.0564217,0.0564217,0.0564217,0.0564217,0.0564217,0.0564217,0.0564217,0.0564217,0.0564217,0.0564217,0.0564217,0.0564217,0.0564217,0.0564217,0.0564217,0.0564217,0.0564217,0.0564217,0.0564217,0.0564217,0.0564217,0.0564217,0.0564217,0.0564217,0.0564217,0.0564217,0.0564217,0.0564217,0.0564217,0.0564217,0.0564217,0.0564217,0.0564217,0.0564217,0.0564217,0.0564217,0.0564217,0.0564217,0.0564217,0.0564217,0.0564217,0.0564217,0.0564217,
0.0604519,0.0604519,0.0604519,0.0604519,0.0604519,0.0604519,0.0604519,0.0604519,0.0604519,0.0604519,0.0604519,0.0604519,0.0604519,0.0604519,0.0604519,0.0604519,0.0604519,0.0604519,0.0604519,0.0604519,0.0604519,0.0604519,0.0604519,0.0604519,0.0604519,0.0604519,0.0604519,0.0604519,0.0604519,0.0604519,0.0604519,0.0604519,0.0604519,0.0604519,0.0604519,0.0604519,0.0604519,0.0604519,0.0604519,0.0604519,0.0604519,0.0604519,0.0604519,0.0604519,0.0604519,0.0604519,0.0604519,0.0604519,0.0604519,0.0604519,
0.064482,0.064482,0.064482,0.064482,0.064482,0.064482,0.064482,0.064482,0.064482,0.064482,0.064482,0.064482,0.064482,0.064482,0.064482,0.064482,0.064482,0.064482,0.064482,0.064482,0.064482,0.064482,0.064482,0.064482,0.064482,0.064482,0.064482,0.064482,0.064482,0.064482,0.064482,0.064482,0.064482,0.064482,0.064482,0.064482,0.064482,0.064482,0.064482,0.064482,0.064482,0.064482,0.064482,0.064482,0.064482,0.064482,0.064482,0.064482,0.064482,0.064482,
0.0685121,0.0685121,0.0685121,0.0685121,0.0685121,0.0685121,0.0685121,0.0685121,0.0685121,0.0685121,0.0685121,0.0685121,0.0685121,0.0685121,0.0685121,0.0685121,0.0685121,0.0685121,0.0685121,0.0685121,0.0685121,0.0685121,0.0685121,0.0685121,0.0685121,0.0685121,0.0685121,0.0685121,0.0685121,0.0685121,0.0685121,0.0685121,0.0685121,0.0685121,0.0685121,0.0685121,0.0685121,0.0685121,0.0685121,0.0685121,0.0685121,0.0685121,0.0685121,0.0685121,0.0685121,0.0685121,0.0685121,0.0685121,0.0685121,0.0685121,
0.0725422,0.0725422,0.0725422,0.0725422,0.0725422,0.0725422,0.0725422,0.0725422,0.0725422,0.0725422,0.0725422,0.0725422,0.0725422,0.0725422,0.0725422,0.0725422,0.0725422,0.0725422,0.0725422,0.0725422,0.0725422,0.0725422,0.0725422,0.0725422,0.0725422,0.0725422,0.0725422,0.0725422,0.0725422,0.0725422,0.0725422,0.0725422,0.0725422,0.0725422,0.0725422,0.0725422,0.0725422,0.0725422,0.0725422,0.0725422,0.0725422,0.0725422,0.0725422,0.0725422,0.0725422,0.0725422,0.0725422,0.0725422,0.0725422,0.0725422,
0.0765724,0.0765724,0.0765724,0.0765724,0.0765724,0.0765724,0.0765724,0.0765724,0.0765724,0.0765724,0.0765724,0.0765724,0.0765724,0.0765724,0.0765724,0.0765724,0.0765724,0.0765724,0.0765724,0.0765724,0.0765724,0.0765724,0.0765724,0.0765724,0.0765724,0.0765724,0.0765724,0.0765724,0.0765724,0.0765724,0.0765724,0.0765724,0.0765724,0.0765724,0.0765724,0.0765724,0.0765724,0.0765724,0.0765724,0.0765724,0.0765724,0.0765724,0.0765724,0.0765724,0.0765724,0.0765724,0.0765724,0.0765724,0.0765724,0.0765724,
0.0806025,0.0806025,0.0806025,0.0806025,0.0806025,0.0806025,0.0806025,0.0806025,0.0806025,0.0806025,0.0806025,0.0806025,0.0806025,0.0806025,0.0806025,0.0806025,0.0806025,0.0806025,0.0806025,0.0806025,0.0806025,0.0806025,0.0806025,0.0806025,0.0806025,0.0806025,0.0806025,0.0806025,0.0806025,0.0806025,0.0806025,0.0806025,0.0806025,0.0806025,0.0806025,0.0806025,0.0806025,0.0806025,0.0806025,0.0806025,0.0806025,0.0806025,0.0806025,0.0806025,0.0806025,0.0806025,0.0806025,0.0806025,0.0806025,0.0806025,
0.0846326,0.0846326,0.0846326,0.0846326,0.0846326,0.0846326,0.0846326,0.0846326,0.0846326,0.0846326,0.0846326,0.0846326,0.0846326,0.0846326,0.0846326,0.0846326,0.0846326,0.0846326,0.0846326,0.0846326,0.0846326,0.0846326,0.0846326,0.0846326,0.0846326,0.0846326,0.0846326,0.0846326,0.0846326,0.0846326,0.0846326,0.0846326,0.0846326,0.0846326,0.0846326,0.0846326,0.0846326,0.0846326,0.0846326,0.0846326,0.0846326,0.0846326,0.0846326,0.0846326,0.0846326,0.0846326,0.0846326,0.0846326,0.0846326,0.0846326,
0.0886627,0.0886627,0.0886627,0.0886627,0.0886627,0.0886627,0.0886627,0.0886627,0.0886627,0.0886627,0.0886627,0.0886627,0.0886627,0.0886627,0.0886627,0.0886627,0.0886627,0.0886627,0.0886627,0.0886627,0.0886627,0.0886627,0.0886627,0.0886627,0.0886627,0.0886627,0.0886627,0.0886627,0.0886627,0.0886627,0.0886627,0.0886627,0.0886627,0.0886627,0.0886627,0.0886627,0.0886627,0.0886627,0.0886627,0.0886627,0.0886627,0.0886627,0.0886627,0.0886627,0.0886627,0.0886627,0.0886627,0.0886627,0.0886627,0.0886627,
0.0926928,0.0926928,0.0926928,0.0926928,0.0926928,0.0926928,0.0926928,0.0926928,0.0926928,0.0926928,0.0926928,0.0926928,0.0926928,0.0926928,0.0926928,0.0926928,0.0926928,0.0926928,0.0926928,0.0926928,0.0926928,0.0926928,0.0926928,0.0926928,0.0926928,0.0926928,0.0926928,0.0926928,0.0926928,0.0926928,0.0926928,0.0926928,0.0926928,0.0926928,0.0926928,0.0926928,0.0926928,0.0926928,0.0926928,0.0926928,0.0926928,0.0926928,0.0926928,0.0926928,0.0926928,0.0926928,0.0926928,0.0926928,0.0926928,0.0926928,
0.096723,0.096723,0.096723,0.096723,0.096723,0.096723,0.096723,0.096723,0.096723,0.096723,0.096723,0.096723,0.096723,0.096723,0.096723,0.096723,0.096723,0.096723,0.096723,0.096723,0.096723,0.096723,0.096723,0.096723,0.096723,0.096723,0.096723,0.096723,0.096723,0.096723,0.096723,0.096723,0.096723,0.096723,0.096723,0.096723,0.096723,0.096723,0.096723,0.096723,0.096723,0.096723,0.096723,0.096723,0.096723,0.096723,0.096723,0.096723,0.096723,0.096723,
0.100753,0.100753,0.100753,0.100753,0.100753,0.100753,0.100753,0.100753,0.100753,0.100753,0.100753,0.100753,0.100753,0.100753,0.100753,0.100753,0.100753,0.100753,0.100753,0.100753,0.100753,0.100753,0.100753,0.100753,0.100753,0.100753,0.100753,0.100753,0.100753,0.100753,0.100753,0.100753,0.100753,0.100753,0.100753,0.100753,0.100753,0.100753,0.100753,0.100753,0.100753,0.100753,0.100753,0.100753,0.100753,0.100753,0.100753,0.100753,0.100753,0.100753,
0.104783,0.104783,0.104783,0.104783,0.104783,0.104783,0.104783,0.104783,0.104783,0.104783,0.104783,0.104783,0.104783,0.104783,0.104783,0.104783,0.104783,0.104783,0.104783,0.104783,0.104783,0.104783,0.104783,0.104783,0.104783,0.104783,0.104783,0.104783,0.104783,0.104783,0.104783,0.104783,0.104783,0.104783,0.104783,0.104783,0.104783,0.104783,0.104783,0.104783,0.104783,0.104783,0.104783,0.104783,0.104783,0.104783,0.104783,0.104783,0.104783,0.104783,
0.108813,0.108813,0.108813,0.108813,0.108813,0.108813,0.108813,0.108813,0.108813,0.108813,0.108813,0.108813,0.108813,0.108813,0.108813,0.108813,0.108813,0.108813,0.108813,0.108813,0.108813,0.108813,0.108813,0.108813,0.108813,0.108813,0.108813,0.108813,0.108813,0.108813,0.108813,0.108813,0.108813,0.108813,0.108813,0.108813,0.108813,0.108813,0.108813,0.108813,0.108813,0.108813,0.108813,0.108813,0.108813,0.108813,0.108813,0.108813,0.108813,0.108813,
0.112843,0.112843,0.112843,0.112843,0.112843,0.112843,0.112843,0.112843,0.112843,0.112843,0.112843,0.112843,0.112843,0.112843,0.112843,0.112843,0.112843,0.112843,0.112843,0.112843,0.112843,0.112843,0.112843,0.112843,0.112843,0.112843,0.112843,0.112843,0.112843,0.112843,0.112843,0.112843,0.112843,0.112843,0.112843,0.112843,0.112843,0.112843,0.112843,0.112843,0.112843,0.112843,0.112843,0.112843,0.112843,0.112843,0.112843,0.112843,0.112843,0.112843,
0.116874,0.116874,0.116874,0.116874,0.116874,0.116874,0.116874,0.116874,0.116874,0.116874,0.116874,0.116874,0.116874,0.116874,0.116874,0.116874,0.116874,0.116874,0.116874,0.116874,0.116874,0.116874,0.116874,0.116874,0.116874,0.116874,0.116874,0.116874,0.116874,0.116874,0.116874,0.116874,0.116874,0.116874,0.116874,0.116874,0.116874,0.116874,0.116874,0.116874,0.116874,0.116874,0.116874,0.116874,0.116874,0.116874,0.116874,0.116874,0.116874,0.116874,
0.120904,0.120904,0.120904,0.120904,0.120904,0.120904,0.120904,0.120904,0.120904,0.120904,0.120904,0.120904,0.120904,0.120904,0.120904,0.120904,0.120904,0.120904,0.120904,0.120904,0.120904,0.120904,0.120904,0.120904,0.120904,0.120904,0.120904,0.120904,0.120904,0.120904,0.120904,0.120904,0.120904,0.120904,0.120904,0.120904,0.120904,0.120904,0.120904,0.120904,0.120904,0.120904,0.120904,0.120904,0.120904,0.120904,0.120904,0.120904,0.120904,0.120904,
0.124934,0.124934,0.124934,0.124934,0.124934,0.124934,0.124934,0.124934,0.124934,0.124934,0.124934,0.124934,0.124934,0.124934,0.124934,0.124934,0.124934,0.124934,0.124934,0.124934,0.124934,0.124934,0.124934,0.124934,0.124934,0.124934,0.124934,0.124934,0.124934,0.124934,0.124934,0.124934,0.124934,0.124934,0.124934,0.124934,0.124934,0.124934,0.124934,0.124934,0.124934,0.124934,0.124934,0.124934,0.124934,0.124934,0.124934,0.124934,0.124934,0.124934,
0.128964,0.128964,0.128964,0.128964,0.128964,0.128964,0.128964,0.128964,0.128964,0.128964,0.128964,0.128964,0.128964,0.128964,0.128964,0.128964,0.128964,0.128964,0.128964,0.128964,0.128964,0.128964,0.128964,0.128964,0.128964,0.128964,0.128964,0.128964,0.128964,0.128964,0.128964,0.128964,0.128964,0.128964,0.128964,0.128964,0.128964,0.128964,0.128964,0.128964,0.128964,0.128964,0.128964,0.128964,0.128964,0.128964,0.128964,0.128964,0.128964,0.128964,
0.132994,0.132994,0.132994,0.132994,0.132994,0.132994,0.132994,0.132994,0.132994,0.132994,0.132994,0.132994,0.132994,0.132994,0.132994,0.132994,0.132994,0.132994,0.132994,0.132994,0.132994,0.132994,0.132994,0.132994,0.132994,0.132994,0.132994,0.132994,0.132994,0.132994,0.132994,0.132994,0.132994,0.132994,0.132994,0.132994,0.132994,0.132994,0.132994,0.132994,0.132994,0.132994,0.132994,0.132994,0.132994,0.132994,0.132994,0.132994,0.132994,0.132994,
0.137024,0.137024,0.137024,0.137024,0.137024,0.137024,0.137024,0.137024,0.137024,0.137024,0.137024,0.137024,0.137024,0.137024,0.137024,0.137024,0.137024,0.137024,0.137024,0.137024,0.137024,0.137024,0.137024,0.137024,0.137024,0.137024,0.137024,0.137024,0.137024,0.137024,0.137024,0.137024,0.137024,0.137024,0.137024,0.137024,0.137024,0.137024,0.137024,0.137024,0.137024,0.137024,0.137024,0.137024,0.137024,0.137024,0.137024,0.137024,0.137024,0.137024,
0.141054,0.141054,0.141054,0.141054,0.141054,0.141054,0.141054,0.141054,0.141054,0.141054,0.141054,0.141054,0.141054,0.141054,0.141054,0.141054,0.141054,0.141054,0.141054,0.141054,0.141054,0.141054,0.141054,0.141054,0.141054,0.141054,0.141054,0.141054,0.141054,0.141054,0.141054,0.141054,0.141054,0.141054,0.141054,0.141054,0.141054,0.141054,0.141054,0.141054,0.141054,0.141054,0.141054,0.141054,0.141054,0.141054,0.141054,0.141054,0.141054,0.141054,
0.145084,0.145084,0.145084,0.145084,0.145084,0.145084,0.145084,0.145084,0.145084,0.145084,0.145084,0.145084,0.145084,0.145084,0.145084,0.145084,0.145084,0.145084,0.145084,0.145084,0.145084,0.145084,0.145084,0.145084,0.145084,0.145084,0.145084,0.145084,0.145084,0.145084,0.145084,0.145084,0.145084,0.145084,0.145084,0.145084,0.145084,0.145084,0.145084,0.145084,0.145084,0.145084,0.145084,0.145084,0.145084,0.145084,0.145084,0.145084,0.145084,0.145084,
0.149115,0.149115,0.149115,0.149115,0.149115,0.149115,0.149115,0.149115,0.149115,0.149115,0.149115,0.149115,0.149115,0.149115,0.149115,0.149115,0.149115,0.149115,0.149115,0.149115,0.149115,0.149115,0.149115,0.149115,0.149115,0.149115,0.149115,0.149115,0.149115,0.149115,0.149115,0.149115,0.149115,0.149115,0.149115,0.149115,0.149115,0.149115,0.149115,0.149115,0.149115,0.149115,0.149115,0.149115,0.149115,0.149115,0.149115,0.149115,0.149115,0.149115,
0.153145,0.153145,0.153145,0.153145,0.153145,0.153145,0.153145,0.153145,0.153145,0.153145,0.153145,0.153145,0.153145,0.153145,0.153145,0.153145,0.153145,0.153145,0.153145,0.153145,0.153145,0.153145,0.153145,0.153145,0.153145,0.153145,0.153145,0.153145,0.153145,0.153145,0.153145,0.153145,0.153145,0.153145,0.153145,0.153145,0.153145,0.153145,0.153145,0.153145,0.153145,0.153145,0.153145,0.153145,0.153145,0.153145,0.153145,0.153145,0.153145,0.153145,
0.157175,0.157175,0.157175,0.157175,0.157175,0.157175,0.157175,0.157175,0.157175,0.157175,0.157175,0.157175,0.157175,0.157175,0.157175,0.157175,0.157175,0.157175,0.157175,0.157175,0.157175,0.157175,0.157175,0.157175,0.157175,0.157175,0.157175,0.157175,0.157175,0.157175,0.157175,0.157175,0.157175,0.157175,0.157175,0.157175,0.157175,0.157175,0.157175,0.157175,0.157175,0.157175,0.157175,0.157175,0.157175,0.157175,0.157175,0.157175,0.157175,0.157175,
0.161205,0.161205,0.161205,0.161205,0.161205,0.161205,0.161205,0.161205,0.161205,0.161205,0.161205,0.161205,0.161205,0.161205,0.161205,0.161205,0.161205,0.161205,0.161205,0.161205,0.161205,0.161205,0.161205,0.161205,0.161205,0.161205,0.161205,0.161205,0.161205,0.161205,0.161205,0.161205,0.161205,0.161205,0.161205,0.161205,0.161205,0.161205,0.161205,0.161205,0.161205,0.161205,0.161205,0.161205,0.161205,0.161205,0.161205,0.161205,0.161205,0.161205,
0.165235,0.165235,0.165235,0.165235,0.165235,0.165235,0.165235,0.165235,0.165235,0.165235,0.165235,0.165235,0.165235,0.165235,0.165235,0.165235,0.165235,0.165235,0.165235,0.165235,0.165235,0.165235,0.165235,0.165235,0.165235,0.165235,0.165235,0.165235,0.165235,0.165235,0.165235,0.165235,0.165235,0.165235,0.165235,0.165235,0.165235,0.165235,0.165235,0.165235,0.165235,0.165235,0.165235,0.165235,0.165235,0.165235,0.165235,0.165235,0.165235,0.165235,
0.169265,0.169265,0.169265,0.169265,0.169265,0.169265,0.169265,0.169265,0.169265,0.169265,0.169265,0.169265,0.169265,0.169265,0.169265,0.169265,0.169265,0.169265,0.169265,0.169265,0.169265,0.169265,0.169265,0.169265,0.169265,0.169265,0.169265,0.169265,0.169265,0.169265,0.169265,0.169265,0.169265,0.169265,0.169265,0.169265,0.169265,0.169265,0.169265,0.169265,0.169265,0.169265,0.169265,0.169265,0.169265,0.169265,0.169265,0.169265,0.169265,0.169265,
0.173295,0.173295,0.173295,0.173295,0.173295,0.173295,0.173295,0.173295,0.173295,0.173295,0.173295,0.173295,0.173295,0.173295,0.173295,0.173295,0.173295,0.173295,0.173295,0.173295,0.173295,0.173295,0.173295,0.173295,0.173295,0.173295,0.173295,0.173295,0.173295,0.173295,0.173295,0.173295,0.173295,0.173295,0.173295,0.173295,0.173295,0.173295,0.173295,0.173295,0.173295,0.173295,0.173295,0.173295,0.173295,0.173295,0.173295,0.173295,0.173295,0.173295,
0.177325,0.177325,0.177325,0.177325,0.177325,0.177325,0.177325,0.177325,0.177325,0.177325,0.177325,0.177325,0.177325,0.177325,0.177325,0.177325,0.177325,0.177325,0.177325,0.177325,0.177325,0.177325,0.177325,0.177325,0.177325,0.177325,0.177325,0.177325,0.177325,0.177325,0.177325,0.177325,0.177325,0.177325,0.177325,0.177325,0.177325,0.177325,0.177325,0.177325,0.177325,0.177325,0.177325,0.177325,0.177325,0.177325,0.177325,0.177325,0.177325,0.177325,
0.181356,0.181356,0.181356,0.181356,0.181356,0.181356,0.181356,0.181356,0.181356,0.181356,0.181356,0.181356,0.181356,0.181356,0.181356,0.181356,0.181356,0.181356,0.181356,0.181356,0.181356,0.181356,0.181356,0.181356,0.181356,0.181356,0.181356,0.181356,0.181356,0.181356,0.181356,0.181356,0.181356,0.181356,0.181356,0.181356,0.181356,0.181356,0.181356,0.181356,0.181356,0.181356,0.181356,0.181356,0.181356,0.181356,0.181356,0.181356,0.181356,0.181356,
0.185386,0.185386,0.185386,0.185386,0.185386,0.185386,0.185386,0.185386,0.185386,0.185386,0.185386,0.185386,0.185386,0.185386,0.185386,0.185386,0.185386,0.185386,0.185386,0.185386,0.185386,0.185386,0.185386,0.185386,0.185386,0.185386,0.185386,0.185386,0.185386,0.185386,0.185386,0.185386,0.185386,0.185386,0.185386,0.185386,0.185386,0.185386,0.185386,0.185386,0.185386,0.185386,0.185386,0.185386,0.185386,0.185386,0.185386,0.185386,0.185386,0.185386,
0.189416,0.189416,0.189416,0.189416,0.189416,0.189416,0.189416,0.189416,0.189416,0.189416,0.189416,0.189416,0.189416,0.189416,0.189416,0.189416,0.189416,0.189416,0.189416,0.189416,0.189416,0.189416,0.189416,0.189416,0.189416,0.189416,0.189416,0.189416,0.189416,0.189416,0.189416,0.189416,0.189416,0.189416,0.189416,0.189416,0.189416,0.189416,0.189416,0.189416,0.189416,0.189416,0.189416,0.189416,0.189416,0.189416,0.189416,0.189416,0.189416,0.189416,
0.193446,0.193446,0.193446,0.193446,0.193446,0.193446,0.193446,0.193446,0.193446,0.193446,0.193446,0.193446,0.193446,0.193446,0.193446,0.193446,0.193446,0.193446,0.193446,0.193446,0.193446,0.193446,0.193446,0.193446,0.193446,0.193446,0.193446,0.193446,0.193446,0.193446,0.193446,0.193446,0.193446,0.193446,0.193446,0.193446,0.193446,0.193446,0.193446,0.193446,0.193446,0.193446,0.193446,0.193446,0.193446,0.193446,0.193446,0.193446,0.193446,0.193446,
0.197476,0.197476,0.197476,0.197476,0.197476,0.197476,0.197476,0.197476,0.197476,0.197476,0.197476,0.197476,0.197476,0.197476,0.197476,0.197476,0.197476,0.197476,0.197476,0.197476,0.197476,0.197476,0.197476,0.197476,0.197476,0.197476,0.197476,0.197476,0.197476,0.197476,0.197476,0.197476,0.197476,0.197476,0.197476,0.197476,0.197476,0.197476,0.197476,0.197476,0.197476,0.197476,0.197476,0.197476,0.197476,0.197476,0.197476,0.197476,0.197476,0.197476,
0.201506,0.201506,0.201506,0.201506,0.201506,0.201506,0.201506,0.201506,0.201506,0.201506,0.201506,0.201506,0.201506,0.201506,0.201506,0.201506,0.201506,0.201506,0.201506,0.201506,0.201506,0.201506,0.201506,0.201506,0.201506,0.201506,0.201506,0.201506,0.201506,0.201506,0.201506,0.201506,0.201506,0.201506,0.201506,0.201506,0.201506,0.201506,0.201506,0.201506,0.201506,0.201506,0.201506,0.201506,0.201506,0.201506,0.201506,0.201506,0.201506,0.201506,
0.205536,0.205536,0.205536,0.205536,0.205536,0.205536,0.205536,0.205536,0.205536,0.205536,0.205536,0.205536,0.205536,0.205536,0.205536,0.205536,0.205536,0.205536,0.205536,0.205536,0.205536,0.205536,0.205536,0.205536,0.205536,0.205536,0.205536,0.205536,0.205536,0.205536,0.205536,0.205536,0.205536,0.205536,0.205536,0.205536,0.205536,0.205536,0.205536,0.205536,0.205536,0.205536,0.205536,0.205536,0.205536,0.205536,0.205536,0.205536,0.205536,0.205536,
0.209566,0.209566,0.209566,0.209566,0.209566,0.209566,0.209566,0.209566,0.209566,0.209566,0.209566,0.209566,0.209566,0.209566,0.209566,0.209566,0.209566,0.209566,0.209566,0.209566,0.209566,0.209566,0.209566,0.209566,0.209566,0.209566,0.209566,0.209566,0.209566,0.209566,0.209566,0.209566,0.209566,0.209566,0.209566,0.209566,0.209566,0.209566,0.209566,0.209566,0.209566,0.209566,0.209566,0.209566,0.209566,0.209566,0.209566,0.209566,0.209566,0.209566,
0.213597,0.213597,0.213597,0.213597,0.213597,0.213597,0.213597,0.213597,0.213597,0.213597,0.213597,0.213597,0.213597,0.213597,0.213597,0.213597,0.213597,0.213597,0.213597,0.213597,0.213597,0.213597,0.213597,0.213597,0.213597,0.213597,0.213597,0.213597,0.213597,0.213597,0.213597,0.213597,0.213597,0.213597,0.213597,0.213597,0.213597,0.213597,0.213597,0.213597,0.213597,0.213597,0.213597,0.213597,0.213597,0.213597,0.213597,0.213597,0.213597,0.213597,
0.217627,0.217627,0.217627,0.217627,0.217627,0.217627,0.217627,0.217627,0.217627,0.217627,0.217627,0.217627,0.217627,0.217627,0.217627,0.217627,0.217627,0.217627,0.217627,0.217627,0.217627,0.217627,0.217627,0.217627,0.217627,0.217627,0.217627,0.217627,0.217627,0.217627,0.217627,0.217627,0.217627,0.217627,0.217627,0.217627,0.217627,0.217627,0.217627,0.217627,0.217627,0.217627,0.217627,0.217627,0.217627,0.217627,0.217627,0.217627,0.217627,0.217627,
0.221657,0.221657,0.221657,0.221657,0.221657,0.221657,0.221657,0.221657,0.221657,0.221657,0.221657,0.221657,0.221657,0.221657,0.221657,0.221657,0.221657,0.221657,0.221657,0.221657,0.221657,0.221657,0.221657,0.221657,0.221657,0.221657,0.221657,0.221657,0.221657,0.221657,0.221657,0.221657,0.221657,0.221657,0.221657,0.221657,0.221657,0.221657,0.221657,0.221657,0.221657,0.221657,0.221657,0.221657,0.221657,0.221657,0.221657,0.221657,0.221657,0.221657,
0.225687,0.225687,0.225687,0.225687,0.225687,0.225687,0.225687,0.225687,0.225687,0.225687,0.225687,0.225687,0.225687,0.225687,0.225687,0.225687,0.225687,0.225687,0.225687,0.225687,0.225687,0.225687,0.225687,0.225687,0.225687,0.225687,0.225687,0.225687,0.225687,0.225687,0.225687,0.225687,0.225687,0.225687,0.225687,0.225687,0.225687,0.225687,0.225687,0.225687,0.225687,0.225687,0.225687,0.225687,0.225687,0.225687,0.225687,0.225687,0.225687,0.225687,
0.229717,0.229717,0.229717,0.229717,0.229717,0.229717,0.229717,0.229717,0.229717,0.229717,0.229717,0.229717,0.229717,0.229717,0.229717,0.229717,0.229717,0.229717,0.229717,0.229717,0.229717,0.229717,0.229717,0.229717,0.229717,0.229717,0.229717,0.229717,0.229717,0.229717,0.229717,0.229717,0.229717,0.229717,0.229717,0.229717,0.229717,0.229717,0.229717,0.229717,0.229717,0.229717,0.229717,0.229717,0.229717,0.229717,0.229717,0.229717,0.229717,0.229717,
0.233747,0.233747,0.233747,0.233747,0.233747,0.233747,0.233747,0.233747,0.233747,0.233747,0.233747,0.233747,0.233747,0.233747,0.233747,0.233747,0.233747,0.233747,0.233747,0.233747,0.233747,0.233747,0.233747,0.233747,0.233747,0.233747,0.233747,0.233747,0.233747,0.233747,0.233747,0.233747,0.233747,0.233747,0.233747,0.233747,0.233747,0.233747,0.233747,0.233747,0.233747,0.233747,0.233747,0.233747,0.233747,0.233747,0.233747,0.233747,0.233747,0.233747,
0.237777,0.237777,0.237777,0.237777,0.237777,0.237777,0.237777,0.237777,0.237777,0.237777,0.237777,0.237777,0.237777,0.237777,0.237777,0.237777,0.237777,0.237777,0.237777,0.237777,0.237777,0.237777,0.237777,0.237777,0.237777,0.237777,0.237777,0.237777,0.237777,0.237777,0.237777,0.237777,0.237777,0.237777,0.237777,0.237777,0.237777,0.237777,0.237777,0.237777,0.237777,0.237777,0.237777,0.237777,0.237777,0.237777,0.237777,0.237777,0.237777,0.237777,
0.241807,0.241807,0.241807,0.241807,0.241807,0.241807,0.241807,0.241807,0.241807,0.241807,0.241807,0.241807,0.241807,0.241807,0.241807,0.241807,0.241807,0.241807,0.241807,0.241807,0.241807,0.241807,0.241807,0.241807,0.241807,0.241807,0.241807,0.241807,0.241807,0.241807,0.241807,0.241807,0.241807,0.241807,0.241807,0.241807,0.241807,0.241807,0.241807,0.241807,0.241807,0.241807,0.241807,0.241807,0.241807,0.241807,0.241807,0.241807,0.241807,0.241807,
0.245838,0.245838,0.245838,0.245838,0.245838,0.245838,0.245838,0.245838,0.245838,0.245838,0.245838,0.245838,0.245838,0.245838,0.245838,0.245838,0.245838,0.245838,0.245838,0.245838,0.245838,0.245838,0.245838,0.245838,0.245838,0.245838,0.245838,0.245838,0.245838,0.245838,0.245838,0.245838,0.245838,0.245838,0.245838,0.245838,0.245838,0.245838,0.245838,0.245838,0.245838,0.245838,0.245838,0.245838,0.245838,0.245838,0.245838,0.245838,0.245838,0.245838,
0.249868,0.249868,0.249868,0.249868,0.249868,0.249868,0.249868,0.249868,0.249868,0.249868,0.249868,0.249868,0.249868,0.249868,0.249868,0.249868,0.249868,0.249868,0.249868,0.249868,0.249868,0.249868,0.249868,0.249868,0.249868,0.249868,0.249868,0.249868,0.249868,0.249868,0.249868,0.249868,0.249868,0.249868,0.249868,0.249868,0.249868,0.249868,0.249868,0.249868,0.249868,0.249868,0.249868,0.249868,0.249868,0.249868,0.249868,0.249868,0.249868,0.249868,
0.253898,0.253898,0.253898,0.253898,0.253898,0.253898,0.253898,0.253898,0.253898,0.253898,0.253898,0.253898,0.253898,0.253898,0.253898,0.253898,0.253898,0.253898,0.253898,0.253898,0.253898,0.253898,0.253898,0.253898,0.253898,0.253898,0.253898,0.253898,0.253898,0.253898,0.253898,0.253898,0.253898,0.253898,0.253898,0.253898,0.253898,0.253898,0.253898,0.253898,0.253898,0.253898,0.253898,0.253898,0.253898,0.253898,0.253898,0.253898,0.253898,0.253898,
0.257928,0.257928,0.257928,0.257928,0.257928,0.257928,0.257928,0.257928,0.257928,0.257928,0.257928,0.257928,0.257928,0.257928,0.257928,0.257928,0.257928,0.257928,0.257928,0.257928,0.257928,0.257928,0.257928,0.257928,0.257928,0.257928,0.257928,0.257928,0.257928,0.257928,0.257928,0.257928,0.257928,0.257928,0.257928,0.257928,0.257928,0.257928,0.257928,0.257928,0.257928,0.257928,0.257928,0.257928,0.257928,0.257928,0.257928,0.257928,0.257928,0.257928,
0.261958,0.261958,0.261958,0.261958,0.261958,0.261958,0.261958,0.261958,0.261958,0.261958,0.261958,0.261958,0.261958,0.261958,0.261958,0.261958,0.261958,0.261958,0.261958,0.261958,0.261958,0.261958,0.261958,0.261958,0.261958,0.261958,0.261958,0.261958,0.261958,0.261958,0.261958,0.261958,0.261958,0.261958,0.261958,0.261958,0.261958,0.261958,0.261958,0.261958,0.261958,0.261958,0.261958,0.261958,0.261958,0.261958,0.261958,0.261958,0.261958,0.261958,
0.265988,0.265988,0.265988,0.265988,0.265988,0.265988,0.265988,0.265988,0.265988,0.265988,0.265988,0.265988,0.265988,0.265988,0.265988,0.265988,0.265988,0.265988,0.265988,0.265988,0.265988,0.265988,0.265988,0.265988,0.265988,0.265988,0.265988,0.265988,0.265988,0.265988,0.265988,0.265988,0.265988,0.265988,0.265988,0.265988,0.265988,0.265988,0.265988,0.265988,0.265988,0.265988,0.265988,0.265988,0.265988,0.265988,0.265988,0.265988,0.265988,0.265988,
0.270018,0.270018,0.270018,0.270018,0.270018,0.270018,0.270018,0.270018,0.270018,0.270018,0.270018,0.270018,0.270018,0.270018,0.270018,0.270018,0.270018,0.270018,0.270018,0.270018,0.270018,0.270018,0.270018,0.270018,0.270018,0.270018,0.270018,0.270018,0.270018,0.270018,0.270018,0.270018,0.270018,0.270018,0.270018,0.270018,0.270018,0.270018,0.270018,0.270018,0.270018,0.270018,0.270018,0.270018,0.270018,0.270018,0.270018,0.270018,0.270018,0.270018,
0.274048,0.274048,0.274048,0.274048,0.274048,0.274048,0.274048,0.274048,0.274048,0.274048,0.274048,0.274048,0.274048,0.274048,0.274048,0.274048,0.274048,0.274048,0.274048,0.274048,0.274048,0.274048,0.274048,0.274048,0.274048,0.274048,0.274048,0.274048,0.274048,0.274048,0.274048,0.274048,0.274048,0.274048,0.274048,0.274048,0.274048,0.274048,0.274048,0.274048,0.274048,0.274048,0.274048,0.274048,0.274048,0.274048,0.274048,0.274048,0.274048,0.274048,
0.278079,0.278079,0.278079,0.278079,0.278079,0.278079,0.278079,0.278079,0.278079,0.278079,0.278079,0.278079,0.278079,0.278079,0.278079,0.278079,0.278079,0.278079,0.278079,0.278079,0.278079,0.278079,0.278079,0.278079,0.278079,0.278079,0.278079,0.278079,0.278079,0.278079,0.278079,0.278079,0.278079,0.278079,0.278079,0.278079,0.278079,0.278079,0.278079,0.278079,0.278079,0.278079,0.278079,0.278079,0.278079,0.278079,0.278079,0.278079,0.278079,0.278079,
0.282109,0.282109,0.282109,0.282109,0.282109,0.282109,0.282109,0.282109,0.282109,0.282109,0.282109,0.282109,0.282109,0.282109,0.282109,0.282109,0.282109,0.282109,0.282109,0.282109,0.282109,0.282109,0.282109,0.282109,0.282109,0.282109,0.282109,0.282109,0.282109,0.282109,0.282109,0.282109,0.282109,0.282109,0.282109,0.282109,0.282109,0.282109,0.282109,0.282109,0.282109,0.282109,0.282109,0.282109,0.282109,0.282109,0.282109,0.282109,0.282109,0.282109,
0.286139,0.286139,0.286139,0.286139,0.286139,0.286139,0.286139,0.286139,0.286139,0.286139,0.286139,0.286139,0.286139,0.286139,0.286139,0.286139,0.286139,0.286139,0.286139,0.286139,0.286139,0.286139,0.286139,0.286139,0.286139,0.286139,0.286139,0.286139,0.286139,0.286139,0.286139,0.286139,0.286139,0.286139,0.286139,0.286139,0.286139,0.286139,0.286139,0.286139,0.286139,0.286139,0.286139,0.286139,0.286139,0.286139,0.286139,0.286139,0.286139,0.286139,
0.290169,0.290169,0.290169,0.290169,0.290169,0.290169,0.290169,0.290169,0.290169,0.290169,0.290169,0.290169,0.290169,0.290169,0.290169,0.290169,0.290169,0.290169,0.290169,0.290169,0.290169,0.290169,0.290169,0.290169,0.290169,0.290169,0.290169,0.290169,0.290169,0.290169,0.290169,0.290169,0.290169,0.290169,0.290169,0.290169,0.290169,0.290169,0.290169,0.290169,0.290169,0.290169,0.290169,0.290169,0.290169,0.290169,0.290169,0.290169,0.290169,0.290169,
0.294199,0.294199,0.294199,0.294199,0.294199,0.294199,0.294199,0.294199,0.294199,0.294199,0.294199,0.294199,0.294199,0.294199,0.294199,0.294199,0.294199,0.294199,0.294199,0.294199,0.294199,0.294199,0.294199,0.294199,0.294199,0.294199,0.294199,0.294199,0.294199,0.294199,0.294199,0.294199,0.294199,0.294199,0.294199,0.294199,0.294199,0.294199,0.294199,0.294199,0.294199,0.294199,0.294199,0.294199,0.294199,0.294199,0.294199,0.294199,0.294199,0.294199,
0.298229,0.298229,0.298229,0.298229,0.298229,0.298229,0.298229,0.298229,0.298229,0.298229,0.298229,0.298229,0.298229,0.298229,0.298229,0.298229,0.298229,0.298229,0.298229,0.298229,0.298229,0.298229,0.298229,0.298229,0.298229,0.298229,0.298229,0.298229,0.298229,0.298229,0.298229,0.298229,0.298229,0.298229,0.298229,0.298229,0.298229,0.298229,0.298229,0.298229,0.298229,0.298229,0.298229,0.298229,0.298229,0.298229,0.298229,0.298229,0.298229,0.298229,
0.302259,0.302259,0.302259,0.302259,0.302259,0.302259,0.302259,0.302259,0.302259,0.302259,0.302259,0.302259,0.302259,0.302259,0.302259,0.302259,0.302259,0.302259,0.302259,0.302259,0.302259,0.302259,0.302259,0.302259,0.302259,0.302259,0.302259,0.302259,0.302259,0.302259,0.302259,0.302259,0.302259,0.302259,0.302259,0.302259,0.302259,0.302259,0.302259,0.302259,0.302259,0.302259,0.302259,0.302259,0.302259,0.302259,0.302259,0.302259,0.302259,0.302259,
0.306289,0.306289,0.306289,0.306289,0.306289,0.306289,0.306289,0.306289,0.306289,0.306289,0.306289,0.306289,0.306289,0.306289,0.306289,0.306289,0.306289,0.306289,0.306289,0.306289,0.306289,0.306289,0.306289,0.306289,0.306289,0.306289,0.306289,0.306289,0.306289,0.306289,0.306289,0.306289,0.306289,0.306289,0.306289,0.306289,0.306289,0.306289,0.306289,0.306289,0.306289,0.306289,0.306289,0.306289,0.306289,0.306289,0.306289,0.306289,0.306289,0.306289,
0.31032,0.31032,0.31032,0.31032,0.31032,0.31032,0.31032,0.31032,0.31032,0.31032,0.31032,0.31032,0.31032,0.31032,0.31032,0.31032,0.31032,0.31032,0.31032,0.31032,0.31032,0.31032,0.31032,0.31032,0.31032,0.31032,0.31032,0.31032,0.31032,0.31032,0.31032,0.31032,0.31032,0.31032,0.31032,0.31032,0.31032,0.31032,0.31032,0.31032,0.31032,0.31032,0.31032,0.31032,0.31032,0.31032,0.31032,0.31032,0.31032,0.31032,
0.31435,0.31435,0.31435,0.31435,0.31435,0.31435,0.31435,0.31435,0.31435,0.31435,0.31435,0.31435,0.31435,0.31435,0.31435,0.31435,0.31435,0.31435,0.31435,0.31435,0.31435,0.31435,0.31435,0.31435,0.31435,0.31435,0.31435,0.31435,0.31435,0.31435,0.31435,0.31435,0.31435,0.31435,0.31435,0.31435,0.31435,0.31435,0.31435,0.31435,0.31435,0.31435,0.31435,0.31435,0.31435,0.31435,0.31435,0.31435,0.31435,0.31435,
0.31838,0.31838,0.31838,0.31838,0.31838,0.31838,0.31838,0.31838,0.31838,0.31838,0.31838,0.31838,0.31838,0.31838,0.31838,0.31838,0.31838,0.31838,0.31838,0.31838,0.31838,0.31838,0.31838,0.31838,0.31838,0.31838,0.31838,0.31838,0.31838,0.31838,0.31838,0.31838,0.31838,0.31838,0.31838,0.31838,0.31838,0.31838,0.31838,0.31838,0.31838,0.31838,0.31838,0.31838,0.31838,0.31838,0.31838,0.31838,0.31838,0.31838,
0.32241,0.32241,0.32241,0.32241,0.32241,0.32241,0.32241,0.32241,0.32241,0.32241,0.32241,0.32241,0.32241,0.32241,0.32241,0.32241,0.32241,0.32241,0.32241,0.32241,0.32241,0.32241,0.32241,0.32241,0.32241,0.32241,0.32241,0.32241,0.32241,0.32241,0.32241,0.32241,0.32241,0.32241,0.32241,0.32241,0.32241,0.32241,0.32241,0.32241,0.32241,0.32241,0.32241,0.32241,0.32241,0.32241,0.32241,0.32241,0.32241,0.32241,
0.32644,0.32644,0.32644,0.32644,0.32644,0.32644,0.32644,0.32644,0.32644,0.32644,0.32644,0.32644,0.32644,0.32644,0.32644,0.32644,0.32644,0.32644,0.32644,0.32644,0.32644,0.32644,0.32644,0.32644,0.32644,0.32644,0.32644,0.32644,0.32644,0.32644,0.32644,0.32644,0.32644,0.32644,0.32644,0.32644,0.32644,0.32644,0.32644,0.32644,0.32644,0.32644,0.32644,0.32644,0.32644,0.32644,0.32644,0.32644,0.32644,0.32644,
0.33047,0.33047,0.33047,0.33047,0.33047,0.33047,0.33047,0.33047,0.33047,0.33047,0.33047,0.33047,0.33047,0.33047,0.33047,0.33047,0.33047,0.33047,0.33047,0.33047,0.33047,0.33047,0.33047,0.33047,0.33047,0.33047,0.33047,0.33047,0.33047,0.33047,0.33047,0.33047,0.33047,0.33047,0.33047,0.33047,0.33047,0.33047,0.33047,0.33047,0.33047,0.33047,0.33047,0.33047,0.33047,0.33047,0.33047,0.33047,0.33047,0.33047,
0.3345,0.3345,0.3345,0.3345,0.3345,0.3345,0.3345,0.3345,0.3345,0.3345,0.3345,0.3345,0.3345,0.3345,0.3345,0.3345,0.3345,0.3345,0.3345,0.3345,0.3345,0.3345,0.3345,0.3345,0.3345,0.3345,0.3345,0.3345,0.3345,0.3345,0.3345,0.3345,0.3345,0.3345,0.3345,0.3345,0.3345,0.3345,0.3345,0.3345,0.3345,0.3345,0.3345,0.3345,0.3345,0.3345,0.3345,0.3345,0.3345,0.3345,
0.33853,0.33853,0.33853,0.33853,0.33853,0.33853,0.33853,0.33853,0.33853,0.33853,0.33853,0.33853,0.33853,0.33853,0.33853,0.33853,0.33853,0.33853,0.33853,0.33853,0.33853,0.33853,0.33853,0.33853,0.33853,0.33853,0.33853,0.33853,0.33853,0.33853,0.33853,0.33853,0.33853,0.33853,0.33853,0.33853,0.33853,0.33853,0.33853,0.33853,0.33853,0.33853,0.33853,0.33853,0.33853,0.33853,0.33853,0.33853,0.33853,0.33853,
0.342561,0.342561,0.342561,0.342561,0.342561,0.342561,0.342561,0.342561,0.342561,0.342561,0.342561,0.342561,0.342561,0.342561,0.342561,0.342561,0.342561,0.342561,0.342561,0.342561,0.342561,0.342561,0.342561,0.342561,0.342561,0.342561,0.342561,0.342561,0.342561,0.342561,0.342561,0.342561,0.342561,0.342561,0.342561,0.342561,0.342561,0.342561,0.342561,0.342561,0.342561,0.342561,0.342561,0.342561,0.342561,0.342561,0.342561,0.342561,0.342561,0.342561,
0.346591,0.346591,0.346591,0.346591,0.346591,0.346591,0.346591,0.346591,0.346591,0.346591,0.346591,0.346591,0.346591,0.346591,0.346591,0.346591,0.346591,0.346591,0.346591,0.346591,0.346591,0.346591,0.346591,0.346591,0.346591,0.346591,0.346591,0.346591,0.346591,0.346591,0.346591,0.346591,0.346591,0.346591,0.346591,0.346591,0.346591,0.346591,0.346591,0.346591,0.346591,0.346591,0.346591,0.346591,0.346591,0.346591,0.346591,0.346591,0.346591,0.346591,
0.350621,0.350621,0.350621,0.350621,0.350621,0.350621,0.350621,0.350621,0.350621,0.350621,0.350621,0.350621,0.350621,0.350621,0.350621,0.350621,0.350621,0.350621,0.350621,0.350621,0.350621,0.350621,0.350621,0.350621,0.350621,0.350621,0.350621,0.350621,0.350621,0.350621,0.350621,0.350621,0.350621,0.350621,0.350621,0.350621,0.350621,0.350621,0.350621,0.350621,0.350621,0.350621,0.350621,0.350621,0.350621,0.350621,0.350621,0.350621,0.350621,0.350621,
0.354651,0.354651,0.354651,0.354651,0.354651,0.354651,0.354651,0.354651,0.354651,0.354651,0.354651,0.354651,0.354651,0.354651,0.354651,0.354651,0.354651,0.354651,0.354651,0.354651,0.354651,0.354651,0.354651,0.354651,0.354651,0.354651,0.354651,0.354651,0.354651,0.354651,0.354651,0.354651,0.354651,0.354651,0.354651,0.354651,0.354651,0.354651,0.354651,0.354651,0.354651,0.354651,0.354651,0.354651,0.354651,0.354651,0.354651,0.354651,0.354651,0.354651,
0.358681,0.358681,0.358681,0.358681,0.358681,0.358681,0.358681,0.358681,0.358681,0.358681,0.358681,0.358681,0.358681,0.358681,0.358681,0.358681,0.358681,0.358681,0.358681,0.358681,0.358681,0.358681,0.358681,0.358681,0.358681,0.358681,0.358681,0.358681,0.358681,0.358681,0.358681,0.358681,0.358681,0.358681,0.358681,0.358681,0.358681,0.358681,0.358681,0.358681,0.358681,0.358681,0.358681,0.358681,0.358681,0.358681,0.358681,0.358681,0.358681,0.358681,
0.362711,0.362711,0.362711,0.362711,0.362711,0.362711,0.362711,0.362711,0.362711,0.362711,0.362711,0.362711,0.362711,0.362711,0.362711,0.362711,0.362711,0.362711,0.362711,0.362711,0.362711,0.362711,0.362711,0.362711,0.362711,0.362711,0.362711,0.362711,0.362711,0.362711,0.362711,0.362711,0.362711,0.362711,0.362711,0.362711,0.362711,0.362711,0.362711,0.362711,0.362711,0.362711,0.362711,0.362711,0.362711,0.362711,0.362711,0.362711,0.362711,0.362711,
0.366741,0.366741,0.366741,0.366741,0.366741,0.366741,0.366741,0.366741,0.366741,0.366741,0.366741,0.366741,0.366741,0.366741,0.366741,0.366741,0.366741,0.366741,0.366741,0.366741,0.366741,0.366741,0.366741,0.366741,0.366741,0.366741,0.366741,0.366741,0.366741,0.366741,0.366741,0.366741,0.366741,0.366741,0.366741,0.366741,0.366741,0.366741,0.366741,0.366741,0.366741,0.366741,0.366741,0.366741,0.366741,0.366741,0.366741,0.366741,0.366741,0.366741,
0.370771,0.370771,0.370771,0.370771,0.370771,0.370771,0.370771,0.370771,0.370771,0.370771,0.370771,0.370771,0.370771,0.370771,0.370771,0.370771,0.370771,0.370771,0.370771,0.370771,0.370771,0.370771,0.370771,0.370771,0.370771,0.370771,0.370771,0.370771,0.370771,0.370771,0.370771,0.370771,0.370771,0.370771,0.370771,0.370771,0.370771,0.370771,0.370771,0.370771,0.370771,0.370771,0.370771,0.370771,0.370771,0.370771,0.370771,0.370771,0.370771,0.370771,
0.374802,0.374802,0.374802,0.374802,0.374802,0.374802,0.374802,0.374802,0.374802,0.374802,0.374802,0.374802,0.374802,0.374802,0.374802,0.374802,0.374802,0.374802,0.374802,0.374802,0.374802,0.374802,0.374802,0.374802,0.374802,0.374802,0.374802,0.374802,0.374802,0.374802,0.374802,0.374802,0.374802,0.374802,0.374802,0.374802,0.374802,0.374802,0.374802,0.374802,0.374802,0.374802,0.374802,0.374802,0.374802,0.374802,0.374802,0.374802,0.374802,0.374802,
0.378832,0.378832,0.378832,0.378832,0.378832,0.378832,0.378832,0.378832,0.378832,0.378832,0.378832,0.378832,0.378832,0.378832,0.378832,0.378832,0.378832,0.378832,0.378832,0.378832,0.378832,0.378832,0.378832,0.378832,0.378832,0.378832,0.378832,0.378832,0.378832,0.378832,0.378832,0.378832,0.378832,0.378832,0.378832,0.378832,0.378832,0.378832,0.378832,0.378832,0.378832,0.378832,0.378832,0.378832,0.378832,0.378832,0.378832,0.378832,0.378832,0.378832,
0.382862,0.382862,0.382862,0.382862,0.382862,0.382862,0.382862,0.382862,0.382862,0.382862,0.382862,0.382862,0.382862,0.382862,0.382862,0.382862,0.382862,0.382862,0.382862,0.382862,0.382862,0.382862,0.382862,0.382862,0.382862,0.382862,0.382862,0.382862,0.382862,0.382862,0.382862,0.382862,0.382862,0.382862,0.382862,0.382862,0.382862,0.382862,0.382862,0.382862,0.382862,0.382862,0.382862,0.382862,0.382862,0.382862,0.382862,0.382862,0.382862,0.382862,
0.386892,0.386892,0.386892,0.386892,0.386892,0.386892,0.386892,0.386892,0.386892,0.386892,0.386892,0.386892,0.386892,0.386892,0.386892,0.386892,0.386892,0.386892,0.386892,0.386892,0.386892,0.386892,0.386892,0.386892,0.386892,0.386892,0.386892,0.386892,0.386892,0.386892,0.386892,0.386892,0.386892,0.386892,0.386892,0.386892,0.386892,0.386892,0.386892,0.386892,0.386892,0.386892,0.386892,0.386892,0.386892,0.386892,0.386892,0.386892,0.386892,0.386892,
0.390922,0.390922,0.390922,0.390922,0.390922,0.390922,0.390922,0.390922,0.390922,0.390922,0.390922,0.390922,0.390922,0.390922,0.390922,0.390922,0.390922,0.390922,0.390922,0.390922,0.390922,0.390922,0.390922,0.390922,0.390922,0.390922,0.390922,0.390922,0.390922,0.390922,0.390922,0.390922,0.390922,0.390922,0.390922,0.390922,0.390922,0.390922,0.390922,0.390922,0.390922,0.390922,0.390922,0.390922,0.390922,0.390922,0.390922,0.390922,0.390922,0.390922,
0.394952,0.394952,0.394952,0.394952,0.394952,0.394952,0.394952,0.394952,0.394952,0.394952,0.394952,0.394952,0.394952,0.394952,0.394952,0.394952,0.394952,0.394952,0.394952,0.394952,0.394952,0.394952,0.394952,0.394952,0.394952,0.394952,0.394952,0.394952,0.394952,0.394952,0.394952,0.394952,0.394952,0.394952,0.394952,0.394952,0.394952,0.394952,0.394952,0.394952,0.394952,0.394952,0.394952,0.394952,0.394952,0.394952,0.394952,0.394952,0.394952,0.394952,
0.398982,0.398982,0.398982,0.398982,0.398982,0.398982,0.398982,0.398982,0.398982,0.398982,0.398982,0.398982,0.398982,0.398982,0.398982,0.398982,0.398982,0.398982,0.398982,0.398982,0.398982,0.398982,0.398982,0.398982,0.398982,0.398982,0.398982,0.398982,0.398982,0.398982,0.398982,0.398982,0.398982,0.398982,0.398982,0.398982,0.398982,0.398982,0.398982,0.398982,0.398982,0.398982,0.398982,0.398982,0.398982,0.398982,0.398982,0.398982,0.398982,0.398982,
